name[selection][flat][experiment][camera]	0.0	1.0	2.0	3.0	4.0	5.0	6.0	7.0	8.0	9.0	10.0	11.0	12.0	13.0	14.0	15.0
AT1G02560	0.00461412	0.00225408	-0.002893609	0.003130817	-0.002217203	0.002192619	-0.003580649	0.00312133	-0.002826225	-6.37E-4	-0.002147525	-5.08E-4	1.43E-4	0.001361648	-4.38E-4	-5.53E-4
AT1G03160	-0.098707961	-0.091922351	-0.091193092	-0.086552348	-0.085351096	-0.087077898	-0.087213459	-0.088057275	-0.088270352	-0.088808383	-0.091177864	-0.094304248	-0.096631444	-0.0932543	-0.088198262	-0.091578123
AT1G03600	-0.059363194	-0.05161856	-0.057897749	-0.0556135	-0.060519079	-0.05075655	-0.055630874	-0.049808983	-0.048323559	-0.054617206	-0.045678837	-0.047515281	-0.045539834	-0.04427202	-0.043707414	-0.035075914
AT1G03850	-0.004077929	-0.010163987	-4.44E-4	-0.009075993	-0.009250783	-0.009088223	-0.003810859	-0.009562959	-0.004218973	-0.00922878	-0.004716925	-0.008120758	-0.007176429	-0.006579552	-0.007988926	-0.009041589
AT1G05385	0.008507029	0.005874549	0.003949225	0.011486802	8.07E-4	0.001547307	-5.22E-4	0.008340661	0.001309578	-0.00203117	5.3E-4	0.002091116	5.95E-4	-6.51E-4	-0.00355453	-0.002815909
AT1G06690	-0.006973662	-0.008295031	-0.005782776	-0.003209439	-0.004573016	-0.004811431	-0.006151858	-0.002890698	-0.004485924	-0.003524046	-0.001268826	1.1E-4	-0.003838701	0.001097651	-0.002333984	-0.00316866
AT1G07510	-0.003611307	-0.006660764	-0.005175767	-0.003952987	-0.003110286	-0.004884163	-0.00427468	-0.004339731	-0.002772471	-0.005021171	-0.003261001	-0.001173237	-0.007221889	-0.003605102	-0.00340725	-0.005277178
AT1G10170	-0.005857306	-0.002134955	-0.002352901	-9.82E-4	-0.002384424	-0.001899619	-5.36E-4	0.001074191	0.006609137	0.006619185	0.005866386	0.004922929	0.005351818	0.005976616	0.002835513	0.004367428
AT1G12250	0.006291803	-0.006477461	-0.005331821	-0.001168979	-0.009314023	-0.002002904	0.003048037	-0.00170876	-0.004135423	6.63E-4	-0.004975168	-0.007687952	-0.007679068	-0.007584502	-0.005195106	-0.00626644
AT1G14150	0.01747895	0.01921553	0.022028597	0.01993811	0.021256197	0.014604243	0.012335453	0.013703725	0.012177038	0.010632339	0.00906334	0.008812587	0.006861439	0.004759578	0.003474197	0.00477115
AT1G14345	0.00633953	-0.006775477	-0.009392101	-0.011490616	-0.007959565	-0.010574225	-0.006867745	0.001046413	-0.003593142	-0.003067034	-0.004058409	-0.001396966	0.002375472	0.006749469	0.003881459	0.001107756
AT1G14590	0.006432159	0.007077857	0.005947189	0.007223723	0.006348225	0.006849774	0.007291139	0.006263691	0.007170444	0.00693771	0.00885364	0.008320199	0.008810838	0.008563455	0.009725421	0.009484267
AT1G15140	0.003210198	1.16E-4	0.002527075	0.006798145	0.005958528	0.001802137	-0.001979146	4.45E-4	5.95E-4	-6.18E-4	4.31E-4	0.004642335	7.92E-4	0.001980168	0.002816782	0.004146629
AT1G15820	-0.03233264	-0.03159849	-0.029923726	-0.027651573	-0.027281934	-0.031533895	-0.034028473	-0.029445073	-0.033854912	-0.035396895	-0.030639125	-0.031263716	-0.033123075	-0.032983347	-0.034427455	-0.033602329
AT1G16790	-0.014589371	-0.013495978	-0.014022415	-0.007061082	-0.008621236	-0.014925299	-0.015005427	-0.023253379	-0.012802721	-0.008203707	-0.01690099	-0.024200101	-0.026882177	-0.023224064	-0.029169319	-0.023708846
AT1G16880	-0.449036601	-0.350299187	-0.273369976	-0.230809772	-0.188545467	-0.170030433	-0.151801327	-0.133751896	-0.131788635	-0.117145116	-0.113792946	-0.107121544	-0.101050396	-0.101894184	-0.098269369	-0.091087595
AT1G17850	-0.010580212	-0.010081984	-0.008558257	-0.00804438	-0.01057131	-0.006581894	-0.008271566	-0.009344606	-0.005057904	-0.004998213	-0.00577185	-0.005325405	-0.007825083	-0.007077132	-0.010320585	-0.005645737
AT1G18730	0.030151537	0.030143488	0.033276178	0.0280778	0.030428113	0.02340059	0.029389286	0.030951934	0.025943303	0.02414215	0.028979575	0.029741967	0.027485571	0.043849518	0.027192339	0.030666876
AT1G20810	-0.001058121	-0.001557246	0.00398443	0.001951665	0.001960992	0.002968187	0.007073508	0.008100066	0.010195054	0.012250603	0.010720394	0.010273084	0.009657414	0.011730958	0.011112792	0.014250345
AT1G21750	5.57E-4	-2.78E-4	0.001560068	2.28E-4	-0.001150002	0.002905724	-0.004968867	-0.001378397	9.74E-4	-3.47E-4	0.001319114	-3.08E-4	9.38E-4	0.003635187	0.002781404	0.002493332
AT1G22450	-0.064197711	-0.071041804	-0.058826936	-0.054476889	-0.052773105	-0.07116316	-0.059200608	-0.040568668	-0.051661852	-0.078851438	-0.052655673	-0.051913829	-0.06104449	-0.057631985	-0.05961269	-0.056174868
AT1G23740	7.2E-4	9.74E-4	0.002614248	-0.001020074	0.003306215	4.31E-4	0.00330694	0.00228274	0.007465868	0.005813404	0.005238638	0.006690526	0.006394977	0.004233249	0.003211897	0.005859616
AT1G27510	0.042092374	0.031023253	0.044037888	0.038872052	0.038819873	0.03577294	0.031658079	0.031683474	0.037153742	0.036088708	0.034056376	0.032476844	0.034630434	0.035604171	0.035052247	0.033868704
AT1G29920	-0.020534355	-0.012339844	-0.013789978	-0.013709516	-0.007975595	-0.014921318	-0.016186706	-0.012866658	-0.013725195	-0.016729652	-0.013845645	-0.011342827	-0.016122378	-0.011814556	-0.013013592	-0.013158497
AT1G30510	-0.004389521	-0.002266222	-0.004430259	-0.002077173	-0.005987576	-0.001200985	-0.005426752	-5.82E-4	-0.002366711	-0.003079508	0.001444809	-0.002416758	3.33E-4	-0.00173118	-0.003297929	0.003195823
AT1G31180	9.7E-4	0.00510749	0.006628948	0.010731631	0.009190618	0.005625655	0.004622019	0.007216396	0.007739031	0.007235187	0.007785969	0.011411599	0.01140599	0.012403432	0.01343027	0.012386371
AT1G32500	-0.294211514	-0.30950859	-0.309739554	-0.315420931	-0.321703268	-0.323745688	-0.329968457	-0.336147765	-0.348957329	-0.341194488	-0.34857057	-0.360781941	-0.360779561	-0.358793055	-0.357527679	-0.363385965
AT1G42960	0.062568167	0.053598289	0.053570634	0.069823311	0.059050472	0.058530599	0.056971504	0.054659018	0.056031938	0.049995477	0.053069753	0.049186386	0.039519671	0.044332669	0.041510817	0.032395949
AT1G44575	-0.031753856	-0.030693349	-0.031571436	-0.030199169	-0.028628007	-0.02668508	-0.028177985	-0.023106681	-0.029892201	-0.026511252	-0.02657934	-0.030303813	-0.023935929	-0.024204946	-0.026266343	-0.025104178
AT1G50250	-0.00641384	-0.006186826	-0.00685153	-0.005206355	-0.002820571	-0.005292852	-0.007559372	-0.006315975	-0.003641332	-0.004375844	-0.004789932	-0.002435492	-0.003505394	-0.003638778	-0.002883681	-0.002614416
AT1G50450	0.018990372	0.012874698	0.008224258	0.017517696	0.015006085	0.013035204	0.02465644	0.015350077	0.026355217	0.023145979	0.005194495	0.019296904	0.005286605	0.015841693	0.01350916	0.030123147
AT1G50460	-7.15E-4	0.007964899	0.001159616	0.002624068	-3.9E-5	9.58E-4	0.006044586	0.007911317	0.006282434	0.011772541	7.25E-4	9.87E-4	-0.002643873	0.006990085	0.003307024	0.003167017
AT1G51350	-0.025548743	-0.020258809	-0.025482786	-0.026612278	-0.022772882	-0.022006432	-0.02218699	-0.021172532	-0.017858525	-0.01861046	-0.019507746	-0.02234241	-0.019932758	-0.018049489	-0.023151634	-0.020709448
AT1G52220	0.001158623	-0.002058188	-0.002457434	-0.004478866	-0.007499506	-0.01516374	-0.017061145	-0.020402495	-0.02763303	-0.026544275	-0.028689477	-0.034897538	-0.03592017	-0.037630668	-0.038977949	-0.041448382
AT1G54050	-0.004785522	9.33E-4	-0.0036965	-0.003713217	-1.07E-4	-0.004277788	-0.003742266	-0.007930426	-0.011156196	-0.010637819	-0.008612073	-0.010194497	-0.013449334	-0.014506831	-0.01400579	-0.019255466
AT1G54500	-0.006842522	-0.008834351	-0.00525475	-0.006272135	-0.007774677	-0.003718852	-0.006336696	-0.006841493	-0.008461995	-0.005357921	-0.008548553	-0.008576701	-0.007531912	-0.006532059	-0.00707813	-0.006051242
AT1G54580	-0.009885365	-0.007165646	-0.008295171	-0.005059611	-0.006569377	-0.006169563	-0.010848621	-0.006263447	-0.007035351	-0.007253552	-0.007094665	-0.009533789	-0.005452465	-0.00892327	-0.002159342	-7.03E-4
AT1G54780	0.002369897	0.004395518	0.00341542	0.004983014	0.00551267	9.01E-4	0.00145205	0.00252191	-0.001070289	-3.41E-5	-0.004159436	-0.012510849	-0.008848491	-0.017243596	-0.01983313	-0.024529141
AT1G54790	0.007190433	0.006608986	0.006626404	0.001987916	0.007617355	0.003473884	0.005076012	0.003510191	0.001414176	-0.002227371	0.002493943	0.002483621	-7.55E-4	-0.005002112	-0.001267206	-0.003383944
AT1G55370	0.026810559	0.033542369	0.026852652	0.027442875	0.023967466	0.026932727	0.022333117	0.026571397	0.021583485	0.025342904	0.014125187	0.015522692	0.018531286	0.007136365	0.013542695	3.1E-4
AT1G56500	-0.054513082	-0.053946146	-0.054426373	-0.054009126	-0.053359672	-0.051529016	-0.053068964	-0.057941101	-0.056877674	-0.055927768	-0.061584476	-0.059035125	-0.057801953	-0.062993711	-0.065049883	-0.063398559
AT1G65230	-0.024401178	-0.028961347	-0.027570771	-0.026729813	-0.022405021	-0.014649019	-0.016579601	-0.010173718	-0.011504272	-0.00671927	-0.00504886	-0.004879785	-0.003317429	-0.002288175	-6.74E-6	0.002957301
AT1G65260	0.019976763	0.032889346	0.030373407	0.051636231	0.045989128	0.034137544	0.040256554	0.050346434	0.04014199	0.047275005	0.054780185	0.037559901	0.055431464	0.046906118	0.040919833	0.027234206
AT1G66670	-0.001655434	-1.05E-4	-0.001113347	-0.004150156	-0.00468685	-0.00519917	-0.004708776	-0.004255819	-0.005815001	-0.005844064	-0.00429235	-0.005870873	-0.001753988	-0.004321754	-0.003796702	-0.002807045
AT1G67280	0.00677692	0.005610284	0.005674688	0.004597739	0.004254622	0.004024219	0.004875767	0.006172221	0.00285605	0.005847618	0.004765224	0.001790533	0.004362958	0.002993868	0.001247107	5.6E-4
AT1G67700	-0.02239525	-0.028883404	-0.02788888	-0.034443689	-0.034072865	-0.039219229	-0.044180948	-0.045012273	-0.048462914	-0.049194505	-0.051444086	-0.048167704	-0.046829626	-0.047221444	-0.044177647	-0.046165099
AT1G67840	-2.11E-4	0.002678831	-0.00417689	0.005428296	0.009548431	-0.004334971	4.9E-5	-0.004635328	-0.014064465	-0.009704178	-0.004048963	-0.006369813	-0.004430746	-0.009261505	-0.011201189	-0.0130366
AT1G71500	-0.044236643	-0.049076224	-0.053182207	-0.04676805	-0.047855426	-0.041448031	-0.041140771	-0.038808505	-0.034828377	-0.035171986	-0.031568765	-0.033667222	-0.031197047	-0.028645818	-0.028737979	-0.024140685
AT1G72640	-0.001631224	0.00199866	-0.002677557	0.002007887	0.003513777	0.001473491	0.002515289	0.002020498	4.68E-4	-0.001124053	9.94E-4	9.76E-4	-0.001122753	-5.7E-4	4.76E-4	-0.002164848
AT1G73530	-0.988944516	-1.020356681	-1.041426769	-1.034708921	-1.062502789	-1.074892417	-1.091039671	-1.112953505	-1.127468863	-1.123303694	-1.128277132	-1.115298961	-1.115126765	-1.113600261	-1.081412532	-1.086057705
AT1G74070	8.01E-4	0.001999015	0.0052583	0.006642106	0.023317184	0.006361619	0.011643393	0.013329317	0.008366194	0.008000366	0.016366791	0.010590873	0.014465235	0.015101131	0.018343764	0.01466428
AT1G74710	-0.00736598	-0.008837133	-0.008815517	-0.009328814	-0.009340115	-0.015610001	-0.007364348	-0.013667508	-0.014748862	-0.019076579	-0.013333928	-0.015968468	-0.017573227	-0.023400047	-0.018622681	-0.022837746
AT1G74880	0.023199998	0.02611876	0.031112942	0.031183253	0.037430174	0.029742473	0.02828451	0.026213294	0.023415781	0.023697625	0.028641051	0.031743535	0.026979312	0.024932817	0.028209382	0.022676882
AT1G75690	-0.02846702	-0.026857036	-0.024938065	-0.023539544	-0.022976556	-0.024854626	-0.020186924	-0.019261432	-0.016901421	-0.016871276	-0.016467883	-0.016167071	-0.015155488	-0.014495973	-0.012508364	-0.009815194
AT1G76760	-0.002331814	0.001777921	0.001290983	0.003630355	0.004257249	0.004482457	0.006471443	0.005557801	0.005274897	0.009862516	0.005625968	0.008808332	0.01122293	0.007516904	0.006358946	0.009882158
AT1G78915	0.018481779	0.014008854	0.012529587	0.019388323	0.013063881	0.015549223	0.018512309	0.023430831	0.016636453	0.011771865	0.020328366	0.020848749	0.023222905	0.02555234	0.024038898	0.028137537
AT1G79040	-0.136432115	-0.127135004	-0.128309826	-0.125910925	-0.122197189	-0.115477586	-0.11716525	-0.112521746	-0.113277658	-0.11202011	-0.112927692	-0.11107503	-0.109720584	-0.10948715	-0.106902696	-0.108442463
AT1G79230	-0.004241373	-0.005990656	-0.005306936	-0.008899563	-0.007019671	-0.006816856	-0.010405517	-0.00643941	-0.010032464	-0.008170481	-0.004380835	-0.007982769	-0.003371463	-0.00787469	-0.006736848	-0.007470244
AT1G79450	0.015084059	0.007711311	0.00717569	0.011600821	0.010601327	0.006289367	0.007686161	0.017059737	0.006250482	0.006280976	0.008279346	0.011817831	0.01027265	2.1E-4	0.009779834	0.011808555
AT1G80030	-0.020053826	-0.017911134	-0.019238688	-0.017228771	-0.021425065	-0.016478857	-0.019342521	-0.015898502	-0.01513072	-0.018724614	-0.014683932	-0.01797943	-0.01728287	-0.015682867	-0.017310462	-0.016337288
AT2G01140	0.031798933	0.029363973	0.020589356	0.030821583	0.028157539	0.036829017	0.044712539	0.031250549	0.044353027	0.036996171	0.033405041	0.028335285	0.025798991	0.032599395	0.020008636	0.037036397
AT2G01918	0.034601606	0.031103797	0.03204588	0.030364945	0.030538767	0.027680702	0.027421077	0.027954504	0.023239647	0.023998016	0.021999394	0.0167325	0.018564855	0.015237124	0.013477902	0.010759308
AT2G17630	-0.009209894	-0.008077436	-0.010121724	-0.016125385	-0.008683588	-0.016666637	-0.008206151	-0.011606087	-0.012684457	-0.005610784	-0.011958978	-0.01353346	-0.006126225	-0.011129215	-0.008752574	-0.008449664
AT2G18790	-0.046846437	-0.04149765	-0.044011691	-0.042108616	-0.046276068	-0.042070191	-0.044763073	-0.051941776	-0.050963705	-0.048618633	-0.061698584	-0.058363843	-0.059673746	-0.058437311	-0.059710074	-0.047778273
AT2G20260	-0.015427408	-0.021155645	-0.023508969	-0.022108396	-0.020251946	-0.024745362	-0.027265515	-0.024751165	-0.030104136	-0.02796713	-0.033668706	-0.032075781	-0.031320955	-0.027875547	-0.027172738	-0.033553826
AT2G20270	-0.003029261	6.8E-5	-9.74E-4	0.003462786	0.001977944	-0.004362292	0.001341913	-0.002615017	-0.003697564	-4.64E-4	0.003822887	-0.006041968	-4.14E-4	3.4E-4	-0.002682279	0.00295405
AT2G21160	0.027788965	0.025724487	0.02665065	0.026941675	0.020690374	0.023990891	0.025362067	0.027230442	0.023574391	0.02219256	0.026077357	0.021913101	0.025540038	0.023781718	0.021560785	0.021851861
AT2G21530	0.013465149	0.014876841	0.012299983	0.013781104	0.008153465	0.006647231	0.005659075	0.008765234	0.00671596	0.00305981	0.003076998	0.003087664	0.006213277	0.010399242	4.72E-4	0.006793904
AT2G22360	-0.01908153	-0.017800575	-0.018572863	-0.016195595	-0.01795679	-0.019773665	-0.017817029	-0.016705745	-0.012981118	-0.01687064	-0.01838085	-0.016080934	-0.018362674	-0.017664684	-0.019556761	-0.015886121
AT2G24020	-0.005637535	-0.006115892	5.54E-4	-0.004284308	-0.007208274	-0.008732827	-0.004984169	-0.007146232	-0.00879284	-0.008998951	-0.009697551	-0.006589543	-0.010590242	-0.001397311	-0.004671982	-0.00263904
AT2G26340	-0.020012837	-0.022013154	-0.026445129	-0.023197384	-0.018267219	-0.013958785	-0.015526326	-0.010990092	-0.01433173	-0.009616636	-0.010466942	-0.006307427	-0.006728335	-0.006824861	-0.005785463	-0.005811173
AT2G26360	-0.175887417	-0.185526156	-0.192927159	-0.212996815	-0.210512743	-0.19569728	-0.203843173	-0.210342581	-0.216805245	-0.219217363	-0.226066407	-0.247120393	-0.258066669	-0.279009624	-0.288356165	-0.298243958
AT2G26550	-0.130727282	-0.144085779	-0.158393733	-0.174267906	-0.186290749	-0.194303445	-0.196317328	-0.198654288	-0.201034896	-0.202526375	-0.203940713	-0.200105891	-0.193418827	-0.182272009	-0.182993967	-0.176157609
AT2G27290	-0.004358307	-0.015456265	-0.01814491	-0.014831678	-0.022195094	-0.011182859	-0.005331095	-0.015478394	-0.014999136	-0.008116747	-0.011891836	-0.016244089	-0.011843937	-0.015537015	-0.017665792	-0.013314176
AT2G29180	-0.038625795	-0.043175251	-0.049015773	-0.053841128	-0.055608663	-0.06568657	-0.073883468	-0.080824223	-0.086709129	-0.091511218	-0.095357192	-0.095526689	-0.095266295	-0.096067965	-0.09457598	-0.098584994
AT2G29500	0.018812732	0.012705769	0.005135776	0.008379844	0.02176519	0.009603344	0.009884952	0.011826936	0.002937639	0.012157792	0.011452145	0.003953813	0.012199307	0.009230757	0.003428957	0.003475201
AT2G30695	-0.025896959	-0.027318008	-0.027851732	-0.028280055	-0.028065952	-0.029253626	-0.034328714	-0.031830488	-0.031326246	-0.034257142	-0.034130985	-0.032595967	-0.029525784	-0.031728331	-0.024225291	-0.020381896
AT2G30950	-0.023083729	-0.020088234	-0.023029688	-0.019450182	-0.017852067	-0.020916474	-0.01923533	-0.021972584	-0.02308672	-0.022035218	-0.022171832	-0.018572353	-0.019943824	-0.018734299	-0.020770006	-0.018362932
AT2G35040	-0.040059748	-0.024364225	-0.032337014	-0.042908866	-0.035771654	-0.037511668	-0.042165591	-0.037574246	-0.036400595	-0.033735208	-0.037246849	-0.044030422	-0.045619939	-0.046916489	-0.056971353	-0.055954038
AT2G37230	-0.01047375	-0.013502763	-0.010360088	-0.010839851	-0.016491608	-0.008780623	-0.017196663	-0.018319066	-0.023160192	-0.017455873	-0.023420492	-0.019667886	-0.02016845	-0.014359235	-0.020105887	-0.021270941
AT2G37400	0.017165509	-2.86E-4	0.011740334	0.015182068	0.006183583	0.009663977	0.004113862	0.013032474	0.017533563	0.005056664	0.021888739	0.015621994	0.018051781	0.025209494	0.018503799	0.021118188
AT2G37660	0.001275758	0.006167284	0.003828581	0.004339581	0.009616154	7.32E-4	0.008033139	0.005706415	6.74E-4	0.007573998	0.003082497	0.00124107	0.003368546	0.005683584	0.008059003	0.004382544
AT2G40100	0.010310132	4.29E-4	0.00304696	0.009759856	0.016629272	9.37E-4	0.006702502	0.010377658	-0.008421775	0.006773358	0.007846825	0.005716108	0.013514514	0.00882768	0.012402211	0.014008807
AT2G40400	-0.007559123	-9.8E-4	-0.007153589	-0.009097278	-0.007967515	-0.005171447	-0.010068789	-0.010442254	-0.012203201	-0.006840376	-0.012302663	-0.007149192	-0.006749796	-0.00614993	-0.008225264	-0.007336321
AT2G40760	0.002301788	0.001976652	0.001875667	1.76E-4	0.006092652	0.002910104	3.65E-4	0.002927098	4.33E-4	-1.34E-4	0.0031408	8.12E-5	0.003502856	0.001416821	0.001992353	9.31E-4
AT2G41330	0.013204424	0.013956195	0.004302712	0.007398618	0.019580536	0.006559855	0.010973694	0.01023966	0.002288904	0.008444123	0.010234283	-2.89E-4	0.012279768	0.014407255	0.009721734	0.015221747
AT2G41680	-0.820784343	-0.493094746	-0.37225647	-0.351797929	-0.297587828	-0.282072238	-0.276441749	-0.276549706	-0.276449199	-0.292135579	-0.290055312	-0.300755336	-0.301937164	-0.31489331	-0.324061883	-0.347449612
AT2G42240	-1.8E-4	4.35E-4	0.003581427	8.7E-4	0.003672	1.36E-4	0.002013393	0.002096312	0.006242416	0.004679496	0.002776295	0.007499945	0.00897554	0.005518021	0.005307868	0.004728545
AT2G42975	-0.010981684	-0.005177597	-0.010869019	-0.007738346	-0.008743858	-0.010340874	-0.010917646	-0.004695974	-0.00524572	-0.00368211	-0.005263322	-0.006328806	-0.003183145	-0.005790273	-0.002648468	-0.004238509
AT2G43010	0.001011542	-4.83E-5	-0.006234205	-0.001050374	-0.001048559	0.004132327	-0.00105623	0.001026238	0.001007048	0.002050657	-0.002168435	-0.006401665	-5.86E-4	9.63E-4	4.73E-4	-0.002174457
AT2G44990	0.006195432	0.002238056	0.002274028	0.003599589	0.009745727	-0.002696014	0.002332127	0.002099025	0.003257608	0.00613579	0.002252131	0.004814074	0.00743096	0.006834045	0.003067576	0.006319419
AT3G01440	0.023102411	0.020667676	0.021060689	0.01981037	0.018568895	0.018540973	0.014767211	0.012466676	0.010230962	0.009718535	0.006613381	0.007878527	0.009138767	0.009058645	0.00793762	0.011597555
AT3G01480	-0.661545002	-0.614603792	-0.653524443	-0.673483462	-0.695116417	-0.702275863	-0.708658069	-0.687389029	-0.692168954	-0.679968862	-0.673788186	-0.665765711	-0.665434182	-0.650727484	-0.645418945	-0.65109555
AT3G08920	-0.052101607	-0.043917643	-0.039985891	-0.038991674	-0.038976488	-0.041680617	-0.044986588	-0.045781324	-0.045767044	-0.048860086	-0.049773094	-0.047676521	-0.049592455	-0.053127991	-0.055842301	-0.056124641
AT3G10130	0.002296821	0.002760884	0.005587668	0.002292602	0.005122998	0.005604001	0.007020367	0.005625247	0.0046935	0.006616695	0.005174146	0.006166455	0.007105643	0.0080558	0.006140308	0.007117167
AT3G10470	-0.018203966	-0.020259774	-0.01724673	-0.021722165	-0.019024135	-0.019064565	-0.017632768	-0.009232683	-0.012799108	-0.016413218	-0.015538442	-0.011035096	-0.015373914	-0.011099007	-0.015386256	-0.018139639
AT3G15110	-0.006358278	-0.006785606	-0.007131454	-0.004669447	-0.005131104	-0.002489434	-0.001673659	-0.004619876	-0.007080291	-0.004404213	-0.005478401	-0.004215321	-0.006536567	-0.00430479	-0.004680426	-0.00199599
AT3G15360	-0.026422056	-0.024486147	-0.023416198	-0.023405564	-0.021384723	-0.018384113	-0.017039103	-0.017321758	-0.015416632	-0.013144672	-0.013135692	-0.00820168	-0.012843777	-0.012405405	-0.007416935	-0.007701566
AT3G15840	-0.070882504	-0.066931351	-0.062938708	-0.065465058	-0.056198052	-0.059201241	-0.05566651	-0.051805704	-0.05264018	-0.050051243	-0.0491973	-0.047251589	-0.05406703	-0.049039623	-0.05296604	-0.046882044
AT3G17830	-0.366115918	-0.384583293	-0.398989543	-0.397660172	-0.396477944	-0.388840054	-0.379408614	-0.371224757	-0.361340747	-0.361222294	-0.352568786	-0.34693034	-0.334756062	-0.326296964	-0.327246054	-0.323712492
AT3G19490	-0.256892337	-0.272056599	-0.273012725	-0.273682007	-0.281762331	-0.287432871	-0.287860617	-0.296559837	-0.299748651	-0.297626038	-0.301168649	-0.300818438	-0.284662093	-0.284369703	-0.277536064	-0.277093857
AT3G21055	-0.013105448	-0.014258314	-0.014221748	-0.01114246	-0.013544117	-0.010484044	-0.012867451	-0.008610171	-0.011097093	-0.010500587	-0.007708913	-0.008176888	-0.009609102	-0.007813519	-0.008420424	-0.009326242
AT3G22690	-5.21E-4	-0.002500511	-0.005005451	-0.006011987	-0.006057704	-0.004096632	0.001964203	-0.002107002	-0.004669994	-0.005214988	-0.005219207	-0.008331282	-0.007815947	-0.002633303	-0.006227597	9.11E-4
AT3G24590	-0.007914096	-0.003145531	-0.012474582	-0.00879515	-0.007260478	-0.005231595	-0.003695903	-0.010578563	-0.01163822	-0.009628839	-0.00804062	-0.009073264	-0.010126226	-0.011219408	-0.001731858	-0.005898697
AT3G25480	-0.003900151	-0.006943048	-0.009126877	-0.005252896	-0.003198107	-0.003415742	-0.001950542	-0.003231743	-0.001843012	-0.001320312	0.001936425	0.001970303	7.64E-4	-0.002237911	0.003443822	0.002698992
AT3G26080	9.42E-4	0.009705953	-0.004929327	0.006800331	0.013174536	0.008746833	0.009288648	0.002456896	0.016753058	0.001457078	0.002428367	0.002954254	0.009375488	0.01195619	0.003873718	0.007882661
AT3G26580	-0.001213341	-0.012239071	-0.003253503	0.005024295	-0.00675787	-0.00304218	4.4E-4	6.36E-4	-3.24E-4	-0.005593918	2.19E-4	-4.49E-5	-0.001872995	-0.002533158	-0.002534324	-0.001330368
AT3G28850	-0.014524411	-0.015272844	-0.019862314	-0.021137128	-0.01920379	-0.014942209	-0.013800128	-0.016153765	-0.020968313	-0.019295133	-0.018756694	-0.01937814	-0.020600567	-0.019635556	-0.023504342	-0.017669717
AT3G46610	-0.469862426	-0.47959695	-0.471112935	-0.486923663	-0.485585864	-0.479072768	-0.487654505	-0.48499165	-0.478821276	-0.480066729	-0.478120218	-0.467415451	-0.458473925	-0.460995482	-0.447818091	-0.44667368
AT3G46780	-0.036472487	-0.036590376	-0.03602039	-0.038840559	-0.037507044	-0.035729023	-0.035880582	-0.035817671	-0.038014132	-0.037849255	-0.036513438	-0.034446539	-0.036462195	-0.036957589	-0.032630737	-0.02787461
AT3G47060	0.008731267	0.008479227	0.011458275	0.010324252	0.010968636	0.008582492	0.010657033	0.008859734	0.006392792	0.007628013	0.008202863	0.008122915	0.006740167	0.006232719	0.00788384	0.007935096
AT3G47450	-0.514191181	-0.559871242	-0.598017543	-0.637454468	-0.673445876	-0.719580489	-0.750413715	-0.779797755	-0.802640026	-0.823199519	-0.830133275	-0.834715262	-0.816979191	-0.815116831	-0.818849704	-0.816461536
AT3G53560	-0.011151399	-0.010724334	-0.010996736	-0.011329004	-0.01265454	-0.008259226	-0.008275366	-0.008142881	-0.007583652	-0.009773189	-0.009290907	-0.007279021	-0.01271593	-0.005873956	-0.011517118	-0.011450364
AT3G55330	-0.007440237	-0.005792986	-0.012010846	-0.008828546	-0.010932415	-0.003650223	-0.00472395	-0.012639625	-0.011607247	-0.005319005	-0.011176933	-0.01011602	-0.008539837	-0.01328781	-0.00480778	-0.005852059
AT3G56040	-0.109855974	-0.103919506	-0.10085517	-0.099966807	-0.097654186	-0.094064183	-0.094673917	-0.090085951	-0.090837021	-0.091701444	-0.08836003	-0.087051766	-0.086619123	-0.087451219	-0.085459987	-0.087796131
AT3G57680	-3.16E-4	0.002563508	-0.002684774	-0.0060969	-0.003210134	0.004624232	-0.001893361	-6.98E-5	-0.002177679	-0.001156155	-0.005114567	-0.004069297	-0.001687992	-0.006410235	-8.2E-5	9.75E-4
AT3G58010	-0.004745501	-0.002863728	-0.0070856	-0.002276986	-0.011678557	-0.003032081	-0.014186682	-0.009408791	-0.010069765	-0.009742468	-0.00689495	-0.012328872	-0.007567271	-0.00988753	-0.008567046	-0.00600012
AT3G60370	0.050416891	0.03988355	0.044496346	0.046613114	0.043443407	0.041958764	0.042030454	0.036882153	0.039713706	0.040806701	0.039301965	0.037170399	0.037183484	0.040330438	0.039803284	0.04063833
AT4G01050	0.005339002	0.00305745	0.007063187	0.005108276	0.008205735	0.005449278	0.006684899	0.006656849	0.00512362	0.007334342	0.007089973	0.00454624	0.008530617	0.006284338	0.004182332	0.006752396
AT4G01900	2.92E-4	0.001852008	0.004935504	0.003406942	0.006498821	-0.001987739	0.009283443	0.005034924	0.006097354	0.004959252	0.001120785	8.18E-4	0.007758493	0.002422331	0.001967959	7.59E-4
AT4G04020	0.002961096	-0.001444623	-3.83E-4	0.006059827	0.001788969	-1.85E-4	0.006502899	3.2E-4	0.004091982	0.001898232	0.002957238	-0.002297977	0.002980539	-2.02E-4	-1.26E-4	0.005051842
AT4G13010	-0.013213422	-0.01927504	-0.017410311	-0.009323685	-0.010465709	-0.018759407	-0.011431357	-0.009740696	-0.011413946	-0.012038019	-0.013152172	-0.016771017	-0.006663448	-0.015691505	-0.01730139	-0.015725569
AT4G13670	-0.019839993	-0.019599144	-0.018307098	-0.019141282	-0.023855544	-0.024325824	-0.022098526	-0.020103166	-0.024424916	-0.020973522	-0.025557972	-0.023691839	-0.025611257	-0.024105541	-0.021732351	-0.024853872
AT4G16155	-0.076398911	-0.074340803	-0.075638833	-0.076807317	-0.08598296	-0.0862106	-0.085365916	-0.08009401	-0.087814202	-0.087638576	-0.088419164	-0.093785333	-0.091512675	-0.09341837	-0.095362921	-0.103181455
AT4G18370	0.01670246	0.015690851	0.016704865	0.016374832	0.013991354	0.016251399	0.015707324	0.016516204	0.013749088	0.016541487	0.015369393	0.016319433	0.015788791	0.016048034	0.015184138	0.016511763
AT4G19830	-0.013497669	-0.010723751	-0.011252712	-0.009610591	-0.006961747	-0.017001957	-0.011264001	-0.010187161	-0.012973393	-0.008045617	-0.004875992	-0.008568693	-0.010775888	-0.010707823	-0.010728498	-0.005356675
AT4G20820	-0.001127944	-0.005705172	-0.002512842	-0.001673333	7.52E-5	-0.00395291	0.001202545	1.49E-4	-0.002828008	-9.79E-4	0.001152374	-0.003028825	0.002292443	-0.002695279	-0.004091625	8.3E-5
AT4G23890	0.020075333	0.020292296	0.022648342	0.021450786	0.020834433	0.021281159	0.023036778	0.022178907	0.021938661	0.019972622	0.021939237	0.023052168	0.023310966	0.021036709	0.023202134	0.023488322
AT4G24750	3.53E-4	-6.93E-4	0.005065814	0.0060857	0.006595573	0.005326869	0.008510673	0.012488325	0.009302702	0.010667546	0.009370731	0.016462276	0.011504868	0.010413155	0.012288622	0.012461567
AT4G24930	4.48E-4	0.003580002	0.001447362	9.6E-4	-0.002197094	0.003038891	-6.29E-5	0.002555721	-0.006972991	0.003624624	0.004178436	0.001484923	0.005729794	0.003088871	0.001469044	0.002002509
AT4G25050	-0.465910419	-0.477309564	-0.488907107	-0.466017778	-0.490540862	-0.488125664	-0.502403142	-0.512580584	-0.501309098	-0.514287296	-0.521335517	-0.531848858	-0.524203073	-0.567831818	-0.56563141	-0.566349677
AT4G25910	-0.642334076	-0.69903482	-0.738683815	-0.771298403	-0.826070011	-0.858262043	-0.881186337	-0.932789894	-0.95996469	-0.984696357	-1.004878136	-1.015345496	-1.036453118	-1.02597875	-1.027830047	-1.044002137
AT4G27700	-0.005651135	-0.008909135	-0.007211192	0.005020759	0.005197549	0.001615085	0.00414442	0.003985992	0.005598861	0.004620224	0.003948756	5.74E-4	0.001799205	-2.87E-4	0.001084229	0.001096403
AT4G33010	-0.008147478	-0.007236616	-0.009735262	-0.005752904	-0.008610348	-0.007156885	-0.007091218	-0.004387887	-0.007843876	-0.006352398	-0.005757437	-0.004977588	-0.005499081	-0.004695565	-0.004640065	-0.004717256
AT4G33520	-1.207385657	-1.191699191	-1.188017401	-1.182859996	-1.20416451	-1.175640576	-1.23197977	-1.225301567	-1.234230414	-1.231093471	-1.226692718	-1.21596399	-1.23043114	-1.227686525	-1.203276693	-1.210468515
AT4G35770	-0.007096849	-0.00227272	-2.11E-4	-0.001754212	-2.04E-4	-0.001761287	-1.79E-4	6.28E-4	0.002197933	8.58E-4	7.34E-5	0.00215694	-1.6E-4	3.77E-4	0.004358682	0.001898388
AT4G36810	-0.722647807	-0.723370703	-0.730394659	-0.754058257	-0.790199952	-0.809503554	-0.856360861	-0.857262702	-0.94295412	-0.896601037	-0.939139866	-0.974463642	-0.939972659	-0.970648725	-0.970249923	-0.930983031
AT4G37925	0.007683255	-5.26E-4	0.007413794	0.007507444	0.008795479	0.007366645	0.002891746	0.009403694	0.006975919	0.005889137	0.004733815	0.007008011	0.004856245	0.009612962	0.006948386	0.010193975
AT4G38380	0.001016362	-0.004236037	-0.001340087	-0.002656599	-0.003180182	-0.004760076	-0.003987131	-0.003196841	-0.010345674	-0.002693653	-0.004802188	-0.001631363	-0.001613771	-0.003983698	-0.006616268	-0.002133005
AT4G39730	-0.011749645	-0.003468344	-0.00488559	-0.011356026	-0.005644067	-0.007950691	-0.004516454	-0.009744623	-0.003211461	-0.007351245	-0.00610404	-0.007550324	-0.010459092	-0.010940542	-0.009678227	-0.006491294
AT4G39960	-0.021444418	-0.023176809	-0.024029936	-0.0289503	-0.031305564	-0.033828284	-0.03641935	-0.037406208	-0.040050052	-0.041073026	-0.040264274	-0.039272275	-0.037879527	-0.037463742	-0.037045377	-0.033555874
AT5G01220	-0.052654507	-0.050545593	-0.049627416	-0.048164244	-0.049178472	-0.045354054	-0.043148017	-0.040272427	-0.040830872	-0.039196331	-0.036591132	-0.038659203	-0.037527095	-0.039888371	-0.039078088	-0.036825243
AT5G01500	-0.016097143	-0.0134193	-0.013867913	-0.013794121	-0.014533258	-0.011659586	-0.013394138	-0.012416442	-0.015493497	-0.014349468	-0.014398931	-0.018862014	-0.018161522	-0.017231154	-0.019138653	-0.021430495
AT5G02160	-0.009128471	-0.010584783	-0.009069222	-0.009400825	-0.01010917	-0.009352562	-0.006780926	-0.005232935	-0.007372117	-0.00643446	-0.002880435	-0.004150954	-0.004847454	-3.25E-4	-0.002769472	-0.001676909
AT5G03455	-0.006617995	-0.002134611	4.52E-4	-4.2E-5	-0.001113331	-0.001326928	-0.002932333	-0.002385672	0.001247641	-0.001908606	4.58E-4	0.002316533	0.002065522	-8.13E-5	0.001538809	-3.43E-4
AT5G07020	-0.014176133	-0.016739443	-0.016971725	-0.020938057	-0.017658071	-0.015565262	-0.01394851	-0.01442223	-0.015174513	-0.012069918	-0.014153523	-0.015323001	-0.013481664	-0.01607687	-0.015221076	-0.016354682
AT5G08050	-0.001072251	0.002167732	0.004288968	-3.49E-4	0.003331391	0.003343484	0.003791582	0.007539206	0.008554796	0.010895454	0.006992441	0.009960421	0.012544999	0.008382666	0.006875094	0.006258187
AT5G08540	-0.007001041	-0.005775083	-0.003313808	-0.004331604	0.002625468	0.001281158	0.0043314	0.007342286	0.009607078	0.010269256	0.00945131	0.011053666	0.007907195	0.005780295	0.001455147	-0.001027084
AT5G12470	-0.024073385	-0.029163815	-0.021676235	-0.024286568	-0.028575485	-0.025402824	-0.02599915	-0.027747002	-0.03141783	-0.024096242	-0.025642855	-0.023486353	-0.025090559	-0.027172104	-0.029196741	-0.023324078
AT5G13120	0.005778074	0.005207275	0.006263207	0.004154345	0.003623282	0.006252038	0.002083306	5.03E-4	0.00209127	0.003670416	5.14E-4	0.006820034	0.006811313	0.005263559	0.002072061	0.001568222
AT5G15250	0.001316724	0.002731854	0.001778017	0.001773947	0.001302806	0.001786294	0.001783404	8.43E-4	0.001756535	0.0022462	3.25E-4	0.002728376	0.003192627	0.003180392	7.74E-4	0.002717214
AT5G16150	-0.004636886	-0.009756558	-0.004823831	-0.007455013	-0.005179238	-0.008165775	-0.008442292	-0.006017782	-0.011111485	-0.005153035	-0.004692148	-0.004781974	-0.004263445	-0.005215564	-0.008792272	-0.005540095
AT5G16660	-0.01150348	-0.010325528	-0.003784493	-0.00750355	-0.011166261	-0.009133422	-0.010135236	-0.006405188	-0.003808143	-0.004815695	-0.007524619	-0.006958902	-0.011825141	-0.00801678	-0.007966729	-0.006933449
AT5G19370	1.55E-4	0.001208329	0.004852267	0.004053656	0.003531862	0.002739416	0.004087397	0.005392283	0.002237493	0.006428252	0.005137162	0.004075192	0.004646912	0.003270212	0.00409519	0.004842443
AT5G20140	0.017751522	0.021305065	0.02083702	0.01796629	0.015944991	0.018129674	0.012933232	0.022415694	0.018386542	0.022595141	0.018349219	0.019983412	0.021491654	0.021628723	0.022426719	0.015558373
AT5G21430	-0.002436004	5.55E-4	-0.002284467	0.004161904	-0.002661119	-0.006729412	-0.007406989	-0.004947962	-0.009530773	-0.004116633	-0.013720051	-0.012127962	-0.011113401	-0.022019736	-0.020616034	-0.021315477
AT5G23890	0.03932715	0.04789687	0.038460344	0.046967222	0.03884011	0.039228543	0.036463513	0.035908135	0.03891981	0.037093332	0.034666726	0.041558464	0.033072298	0.034483405	0.032208482	0.028351694
AT5G35170	-6.4E-4	-0.005383907	-1.78E-4	-0.002686156	0.001552151	-6.06E-4	0.002081547	0.002105611	0.003192502	0.003209552	0.003177027	0.005585007	0.005104375	0.005291832	-0.001644356	0.004777352
AT5G39830	-0.004691878	-0.007694434	-0.006515087	-0.005214534	-0.00658331	-0.002122386	-0.003006638	-0.003994399	-0.003463537	-0.004432673	-0.004298043	-0.002523094	-0.004940305	-0.005959322	-0.005205431	-0.003240553
AT5G42270	0.053276064	0.060496847	0.052140605	0.059956863	0.05294368	0.060229813	0.055471183	0.049988436	0.050818577	0.046397861	0.050415058	0.044963703	0.047097593	0.049683767	0.046308072	0.048368916
AT5G42765	-0.003169793	-0.005217013	-0.006747094	-0.007248071	-0.012358449	-0.012941231	-0.010941536	-0.011004327	-0.01208149	-0.008457242	-0.012706333	-0.013263415	-0.007437991	-0.006402468	-0.014236425	-0.009009124
AT5G52440	-0.188065507	-0.200642141	-0.209577188	-0.226673558	-0.237188226	-0.245451117	-0.261360135	-0.269350096	-0.272776251	-0.279403423	-0.263491575	-0.263382354	-0.256000737	-0.252382057	-0.244994268	-0.245030929
AT5G52780	0.026998409	0.024465596	0.022442827	0.021823455	0.021265088	0.025857626	0.022709796	0.026207837	0.022282282	0.021829977	0.023095099	0.019333515	0.020531664	0.024733667	0.025763427	0.024366755
AT5G52970	-0.002207697	-0.009263886	-0.011424465	-0.011883903	-0.011901086	-0.012433131	-0.004901013	-0.01088731	-0.011413994	-0.0076284	-0.007632545	-0.01089412	-0.010874852	-0.009223484	-0.016803076	-0.008648157
AT5G53170	-0.029817101	-0.033294404	-0.036177423	-0.039784597	-0.042997048	-0.044838903	-0.048089352	-0.049788748	-0.05346523	-0.054923781	-0.056463407	-0.058183749	-0.055241852	-0.05321968	-0.04796623	-0.050415683
AT5G53490	-0.011224676	-0.005810315	-0.012463393	-0.011744057	-0.009523312	-0.00700535	-0.006156144	-0.010927301	-0.003624913	-0.009509073	-0.007601564	-0.00606688	-0.010040486	-0.006398143	-0.008479783	-0.003116229
AT5G59250	-0.009184226	-0.0115125	-0.012833699	-0.014340381	-0.013153334	-0.008790659	-0.010651452	-0.010364795	-0.010991231	-0.007425198	-0.003314279	-0.00433924	-0.007990403	-0.005479272	-0.006432155	-0.010474751
AT5G62720	0.018087209	0.019147457	0.018097567	0.022420142	0.013083968	0.013260185	0.018448281	0.006104927	0.004041876	0.003792969	0.003509042	0.002278581	-7.4E-4	-0.005087438	-0.006630175	-0.011274733
