name[selection][flat][experiment][camera]	0.0	0.5	1.0	1.5	2.0	2.5	3.0	3.5	4.0	4.5	5.0	5.5	6.0	6.5	7.0	7.5	8.0	8.5	9.0	9.5	10.0	10.5	11.0	11.5	12.0	12.5	13.0	13.5	14.0	14.5	15.0	15.5
AT1G02560	0.0	0.035533638	0.029776813	0.040194409	0.04231971	0.029959934	0.053091842	0.069151811	0.077796831	0.111762289	0.104764543	0.11898044	0.118776863	0.109003601	0.131895976	0.123266692	0.132168481	0.122107455	0.12827951	0.127750289	0.123173607	0.134789515	0.121716122	0.094536206	0.108021166	0.106320683	0.102983568	0.129256857	0.125310029	0.163784603	0.184805697	0.862624077
AT1G03160	0.0	0.0	0.0	0.0	0.0	0.0	0.004067482	0.068872675	0.119809128	0.176335683	0.222944001	0.244171375	0.264537118	0.274355461	0.290331165	0.292447948	0.293753633	0.29536764	0.26296796	0.274037542	0.258332069	0.227875619	0.217274732	0.208884859	0.180042856	0.15648782	0.121501389	0.128506762	0.145728626	0.18481286	0.299709442	0.250834027
AT1G03600	0.0	0.0	0.0	0.0	0.0	0.0	0.049683351	0.116068846	0.233192916	0.332396773	0.43159693	0.52307995	0.632405713	0.733968334	0.81604797	0.893309104	0.939302516	0.990566683	1.037296123	1.089389552	1.111794119	1.16287706	1.16956788	1.206217624	1.231938768	1.230952543	1.250136049	1.262794631	1.332008765	1.436862106	1.803434199	1.940574135
AT1G03850	0.180378149	0.152486527	0.071768471	0.046373406	0.057348398	0.035898278	0.028519161	0.030584825	0.035891954	0.02408547	0.030243131	0.027597922	0.032710694	0.014523195	0.046070197	0.058035966	0.055061132	0.071561099	0.048793874	0.056775998	0.086154881	0.076061546	0.091369617	0.085062407	0.097501682	0.102061536	0.104840473	0.126725432	0.168606332	0.194905812	0.332578518	0.447748214
AT1G05385	0.0	0.0	0.0	0.0	0.0	0.0	0.023424321	0.033199288	0.041966527	0.056595687	0.061710496	0.062889887	0.072006642	0.064787504	0.075882682	0.073266262	0.094751084	0.081608204	0.118606257	0.100127223	0.085030318	0.105636934	0.089097073	0.088235053	0.090525029	0.090438942	0.085638467	0.13160269	0.161851604	0.173311277	0.214817654	0.478548048
AT1G06690	0.224766095	0.026398646	0.007368089	0.0	0.0	0.0	0.0	0.0	0.0	0.0	0.0	0.0	0.0	0.0	0.0	0.0	0.0	0.0	0.0	0.0	0.0	0.0	0.0	0.0	0.0	0.0	0.001018137	0.001375331	0.007910177	7.21802E-4	0.015451718	0.165840976
AT1G07510	0.307904019	0.074958474	0.023221899	0.007952581	0.0	0.0	0.0	0.0	0.0	0.0	0.0	0.0	0.0	0.0	0.0	0.0	0.0	0.0	0.0	0.0	0.0	0.0	0.0	0.0	0.0	0.0	0.0	0.0	0.0	0.0	0.0	0.0
AT1G10170	0.106864651	0.084103183	0.079795725	0.053186155	0.040779038	0.014409674	0.00572498	0.004729259	0.0	0.0	0.0	0.0	0.0	0.0	0.0	0.0	0.0	0.007491379	0.002757822	0.018387728	0.022988589	0.034727249	0.03542214	0.024148529	0.044895076	0.03882755	0.059693412	0.047875343	0.092005792	0.099921802	0.148148958	0.305127599
AT1G12250	0.0	0.003883151	0.0	0.01226104	0.045294496	0.024695321	0.033608596	0.028447645	0.043923772	0.055080094	0.052729342	0.074282427	0.062881288	0.07488838	0.06972001	0.082699976	0.093423062	0.087986044	0.096482855	0.091925278	0.111522151	0.107714719	0.118644864	0.120098845	0.121527728	0.116329499	0.11140369	0.094944814	0.105347411	0.112226516	0.153202756	0.222502446
AT1G14150	0.218484136	0.075438681	0.110271984	0.147999564	0.149785239	0.148854474	0.121341067	0.1165977	0.105007651	0.094127105	0.085324697	0.083952874	0.073685115	0.059501478	0.055361973	0.039722548	0.033480345	0.020435144	0.020089398	0.012869439	0.017819596	0.006439478	0.013592767	0.0034176	0.011552764	0.013703398	0.035652206	0.059337689	0.084198093	0.104116999	0.41832325	0.0
AT1G14345	0.306873075	0.117416021	0.034890612	0.007040888	0.048556348	0.095693717	0.143534205	0.167305466	0.190354501	0.212731688	0.232050694	0.228653571	0.215874548	0.212706899	0.196356503	0.199001546	0.183015218	0.166655066	0.152446819	0.120271022	0.112415581	0.079010841	0.063117706	0.039220236	0.020508896	0.019704008	0.022387805	0.002553041	0.004526176	0.0	0.049668739	NaN
AT1G14590	0.0	0.0	0.004185653	0.002133667	0.011729459	0.022994578	0.027985327	0.026481634	0.036075163	0.031204738	0.040665172	0.055329112	0.049947132	0.042872879	0.052253977	0.048852024	0.053001514	0.040909077	0.056265424	0.050665738	0.049841773	0.053700851	0.053144006	0.058048093	0.053370723	0.061632228	0.054337599	0.056245294	0.070852789	0.076661749	0.045224037	0.0
AT1G15140	0.161327765	0.0	0.0	0.0	0.0	0.0	0.0	0.0	0.0	0.0	0.0	0.0	0.0	0.0	0.0	0.0	0.0	0.0	0.0	0.0	0.0	0.0	0.0	0.0	0.0	0.0	0.0	0.0	0.0	0.0	0.0	NaN
AT1G15820	0.231939102	0.0	0.0	0.0	0.0	0.0	0.0	0.0	0.0	0.0	0.0	0.0	0.0	0.0	0.0	0.0	0.0	0.0	0.0	0.0	0.0	0.0	0.0	0.0	0.0	0.0	0.0	0.0	0.0	0.0	0.17275183	0.046817769
AT1G16790	0.119119981	0.049488392	0.0	0.0	0.0	0.0	0.0	0.0	0.0	0.0	0.0	0.0	0.0	0.0	0.0	0.0	0.0	0.0	0.0	0.024720779	0.043187021	0.073146678	0.074043709	0.057952264	0.12354822	0.090083178	0.115643879	0.086597728	0.165393954	0.19216094	0.345427618	0.675261623
AT1G16880	0.0	0.0	0.0	0.0	0.0	0.0	0.0	0.0	0.0	0.0	0.0	0.0	0.0	0.0	0.0	0.0	0.0	0.0	0.0	0.0	0.0	0.0	0.0	0.0	0.0	0.0	0.0	0.0	0.0	0.0	0.0	0.0
AT1G17850	0.0	0.0	0.0	0.0	0.0	0.0	0.0	0.0	0.0	0.0	0.005255782	0.009460262	0.00262573	0.006639441	0.007162124	0.01116191	0.012558359	0.010060466	0.0	0.0	0.0	0.0	0.0	0.0	0.0	0.0	0.0	0.0	0.0	0.0	0.0	NaN
AT1G18730	0.0	0.096457532	0.130162122	0.168960575	0.148713287	0.131766944	0.110150287	0.074247713	0.053708784	0.030896	0.053809589	0.027268298	0.003573279	0.0	0.0	0.0	0.0	0.0	0.0	0.0	0.0	0.0	0.0	0.0	0.0	0.0	0.0	0.0	0.026313375	0.014256128	0.0	0.0
AT1G20810	0.06036616	8.16E-4	0.0	0.0	0.0	0.0	0.0	0.0	0.0	0.0	0.0	0.0	0.0	0.0	0.0	0.0	0.0	0.0	0.0	0.0	0.0	0.0	0.0	0.0	0.0	0.0	0.0	0.0	0.0	0.0	0.0	0.080341707
AT1G21750	0.270183231	0.149844674	0.100218226	0.113718462	0.082469019	0.087890967	0.075222329	0.077053599	0.069321375	0.063107723	0.060812929	0.055268077	0.062668626	0.051379183	0.067760167	0.061861032	0.061610776	0.065071899	0.070166914	0.086799513	0.066549193	0.078313223	0.074904025	0.084057065	0.073912849	0.079347168	0.080038121	0.084465381	0.099510684	0.110996486	0.178957472	0.252961781
AT1G22450	0.0	0.0	0.0	0.0	0.0	0.0	0.0	0.0	0.0	0.0	0.0	0.0	0.0	0.0	0.0	0.0	0.0	0.0	0.0	0.0	0.0	0.0	0.0	0.0	0.0	0.0	0.0	0.0	0.0	0.0	0.0	0.0
AT1G23740	0.09994985	0.0	0.0	0.0	0.0	0.0	0.0	0.015437814	0.014326414	0.020194582	0.025464608	0.032317177	0.036661544	0.025944011	0.033295964	0.036359026	0.034332666	0.04294873	0.058681939	0.040703405	0.045827975	0.047604163	0.03210235	0.023858831	0.033405904	0.039705794	0.043830821	0.039709387	0.050225322	0.018557278	0.010627964	0.019454039
AT1G27510	0.0	0.0	0.0	0.0	0.0	0.0	0.0	0.0	0.0	0.0	0.0	0.0	0.0	0.0	0.0	0.02186094	0.016229783	0.014389213	0.010105884	0.032863006	0.006409699	0.015037636	0.024738436	8.73E-4	0.005652013	0.0	0.0	0.0	0.0	0.0	0.024869894	NaN
AT1G29920	0.170256193	0.041554875	0.0	0.0	0.0	0.0	0.0	0.0	0.0	0.0	0.0	0.0	0.0	0.0	0.0	0.0	0.0	0.0	0.0	0.001879161	0.010242934	0.00306894	0.012962266	0.0	0.014194792	0.0	0.014099829	0.012927531	0.024557877	0.035253226	0.093731476	0.342711389
AT1G30510	0.171111147	0.074150174	0.045737658	0.032996756	0.012806021	0.019278811	0.018927354	0.020648741	0.03281701	0.022574416	0.018569439	0.022549939	0.016464367	0.016120211	0.024867529	0.021352604	0.028655654	0.024100267	0.021677671	0.027512998	0.035539873	0.033665505	0.02724255	0.033421964	0.026759073	0.025920443	0.029372362	0.034552193	0.033247821	0.030672751	0.104451088	0.274950027
AT1G31180	0.430818091	0.0	0.0	0.0	0.0	0.0	0.0	0.0	0.0	0.0	0.0	0.0	0.0	0.0	0.0	0.0	0.0	0.0	0.0	0.0	3.35E-4	0.008267819	0.005678347	0.013567794	0.003384161	0.003364491	0.00797861	0.013595385	0.007988692	0.0	0.439520755	NaN
AT1G32500	0.328962569	0.064806424	0.040011542	0.090190612	0.134146697	0.144155413	0.145367865	0.154805423	0.161793863	0.168269151	0.172151161	0.17737675	0.20999602	0.227843278	0.238478515	0.263609689	0.276610531	0.282349848	0.297467265	0.304892728	0.318028057	0.326953878	0.341008967	0.345376311	0.332126864	0.323784625	0.315597325	0.299915371	0.284551258	0.335376435	0.523978766	0.714166993
AT1G42960	0.10153899	0.072689733	0.0	0.0	0.0	0.0	0.0	0.0	0.0	0.0	0.0	0.0	0.0	0.0	0.0	0.0	0.0	0.0	0.0	0.0	0.0	0.0	0.0	0.0	0.0	0.0	0.0	0.0	0.0	0.0	0.0	NaN
AT1G44575	0.0	0.0	0.0	0.0	0.0	0.026496632	0.078328857	0.10634767	0.148271189	0.170419555	0.201218605	0.21643646	0.254329735	0.262677374	0.285137814	0.300408163	0.311079374	0.3136868	0.313385879	0.300596635	0.302898251	0.284760206	0.264022613	0.241331231	0.214140099	0.189821583	0.169550997	0.158560084	0.139462399	0.164805466	0.274312398	0.101316828
AT1G50250	0.079141889	0.0	0.0	0.002449204	0.0	0.0	0.0	0.0	0.0	0.0	0.0	0.0	0.0	0.0	0.0	0.0	0.0	0.0	0.0	0.0	0.0	0.0	0.0	0.0	0.0	0.0	0.0	0.0	0.0	0.0	0.004548713	NaN
AT1G50450	0.0	0.0	0.0	0.0	0.0	0.0	0.0	0.0	0.0	0.0	0.0	0.0	0.0	0.0	0.0	0.0	0.0	0.0	0.0	0.0	0.0	0.0	8.70608E-4	0.003975695	0.066868127	0.072649407	0.0809331	0.104750196	0.083308295	0.099568782	0.216835885	NaN
AT1G50460	0.09682642	0.0	0.0	0.0	0.0	0.0	0.0	0.0	0.0	0.0	0.0	0.0	0.0	0.0	0.0	0.0	0.0	0.0	0.0	0.0	0.0	0.0	0.0	0.0	0.0	0.0	0.0	0.0	0.0	0.0	0.0	NaN
AT1G51350	0.237041082	0.036830582	0.0	2.82482E-4	0.0	0.0	0.0	0.0	1.57989E-4	0.0	0.0	0.0	9.09672E-4	0.0	0.001901739	0.006209601	0.01084468	0.00668258	0.001993377	0.012032056	0.009257914	1.70504E-4	0.009808347	0.009681058	0.013263509	0.024085568	0.024677939	0.032183863	0.056123365	0.077238409	0.187217253	NaN
AT1G52220	0.110714176	0.0	0.0	0.003615651	0.009560913	0.016673661	0.032867634	0.031807167	0.047097748	0.039272648	0.060507753	0.059154597	0.065044929	0.064686763	0.076453867	0.080580122	0.08904138	0.08464674	0.094053745	0.08786029	0.103764775	0.095675655	0.105955358	0.090329174	0.092871298	0.097514072	0.083985018	0.077854926	0.067586108	0.054358355	0.015340234	NaN
AT1G54050	0.190677923	0.0	0.0	0.0	0.0	0.0	0.0	0.0	0.0	0.0	0.0	0.0	0.0	0.0	0.0	0.0	0.0	0.0	0.0	0.0	0.0	0.0	0.0	0.0	0.0	0.0	0.0	0.0	0.0	0.0	0.0	NaN
AT1G54500	NaN	0.03088951	0.0	0.0	0.0	0.0	0.0	0.0	0.0	0.0	0.0	0.0	0.0	0.0	0.0	0.0	0.0	0.0	0.0	0.0	0.0	0.008000079	3.4E-4	0.011275745	0.002909595	0.003494943	1.43E-4	0.0	0.007622379	0.005246965	0.107909032	NaN
AT1G54580	0.0	0.0	0.0	0.0	0.0	0.0	0.0	0.0	0.011784015	0.042484355	0.04375106	0.061589208	0.054053384	0.050445453	0.051909087	0.033761705	0.02825376	0.018238683	0.0	0.0	0.0	0.0	0.0	0.0	0.0	0.0	0.0	0.0	0.0	0.0	0.0	0.0
AT1G54780	NaN	0.097942868	0.0	0.0	0.044468241	0.11623912	0.168940092	0.151570867	0.178967967	0.172217623	0.15815883	0.157405719	0.158458755	0.155568469	0.174378348	0.193532394	0.221840716	0.23963413	0.224636177	0.236668407	0.242093267	0.245568239	0.247475846	0.255370246	0.271265545	0.228934886	0.206178341	0.189188868	0.142538809	0.174398352	0.228428965	NaN
AT1G54790	0.190644113	0.088124459	0.069366262	0.074628434	0.093240254	0.076486837	0.078107819	0.056220927	0.08466718	0.090509719	0.072714323	0.077472372	0.07754425	0.068036523	0.060436615	0.066922337	0.057976022	0.064049201	0.076806768	0.072377198	0.06969013	0.07466633	0.090182128	0.082666354	0.092064037	0.084620576	0.091131872	0.100158825	0.085886749	0.120514326	0.0	NaN
AT1G55370	0.0	0.065897454	0.124982826	0.120466951	0.135913593	0.082080639	0.101715263	0.077502527	0.039450101	0.017496633	0.032215146	0.03336189	0.03977444	0.03030668	0.034023315	0.035996296	0.0315486	0.027388924	0.059641343	0.045177155	0.065626725	0.05708751	0.085607463	0.104423895	0.108322707	0.129790937	0.14858056	0.192026711	0.235687463	0.28771155	0.447128644	0.70297179
AT1G56500	0.0	0.0	0.0	0.0	0.05393735	0.099713597	0.151375281	0.1874899	0.234329023	0.277382397	0.320106907	0.372855278	0.421007731	0.474459792	0.51061392	0.557340508	0.587632546	0.623226515	0.647202407	0.661304652	0.684008836	0.708749301	0.718773106	0.71258372	0.69892566	0.694904864	0.686543157	0.689027372	0.710516211	0.800245284	1.108025485	1.263481636
AT1G65230	0.176360262	0.0	0.0	0.0	0.0	0.0	0.01705657	0.045003457	0.079327432	0.108093359	0.136631001	0.172833306	0.204912587	0.243692878	0.278813523	0.307685907	0.336729859	0.349661887	0.37560507	0.385730044	0.396543987	0.410457258	0.416660189	0.408661652	0.410440851	0.385091498	0.37083142	0.343319632	0.35967483	0.410600726	0.635805544	1.306072948
AT1G65260	0.0	0.0	0.070765993	7.62E-4	0.0	0.0	0.0	0.0	0.004304901	0.0	0.0	0.0	0.0	0.0	0.0	0.0	0.0	0.0	0.0	0.0	0.0	0.0	0.0	0.0	0.0	0.0	0.0	0.0	0.0	0.0	0.0	NaN
AT1G66670	NaN	0.041048331	0.087595988	0.109619555	0.116762082	0.087097646	0.090628185	0.067887794	0.055114464	0.054093774	0.049153377	0.045703295	0.045464339	0.051944294	0.076714872	0.086251181	0.087177876	0.097462032	0.091243845	0.092877672	0.086335377	0.104836333	0.104272253	0.119429362	0.115575798	0.12204352	0.121846206	0.114432854	0.123343308	0.107630422	0.066282087	NaN
AT1G67280	NaN	0.009486285	0.0	0.0	0.0	0.0	0.0	0.0	0.0	0.0	0.0	0.0	0.0	0.0	0.0	0.0	0.0	0.0	0.0	0.0	0.0	0.0	0.0	0.0	0.0	0.0	0.0	0.0	0.0	0.0	0.134813517	NaN
AT1G67700	0.172465937	0.085223238	0.094519015	0.109479136	0.124336568	0.128395875	0.157589877	0.179694457	0.198453319	0.215895874	0.237659892	0.243728802	0.2327933	0.228055936	0.229308367	0.228628853	0.212226206	0.217601111	0.198258703	0.181370175	0.175699211	0.147025896	0.127476182	0.091503416	0.069353041	0.049981976	0.038840368	0.039112337	0.045471374	0.014644883	0.0	0.114493117
AT1G67840	0.0	0.0	0.0	0.0	0.0	0.0	0.0	0.0	0.0	0.0	0.0	0.0	0.00592589	0.0	0.0	0.004840787	0.0	0.018108748	0.0	0.0	0.0	0.006038462	0.0	0.0	0.0	0.022050916	0.00868239	0.042256794	0.0	0.0	0.09279116	0.511899039
AT1G71500	0.0	0.0	0.0	0.01057552	0.045454028	0.074515134	0.134934727	0.178486289	0.224105537	0.255607074	0.308191323	0.352979636	0.397282958	0.432654618	0.463594004	0.49494329	0.518966501	0.529642925	0.543068781	0.556064696	0.568020455	0.559624922	0.552811448	0.542915733	0.526552188	0.494659736	0.456790836	0.430223829	0.416765818	0.434141517	0.532708647	0.834796292
AT1G72640	0.0	0.170681252	0.09931986	0.067301439	0.03192951	0.028236757	0.028022393	0.011240779	0.019216339	0.013997763	0.01673688	0.003394399	0.02696776	0.003645214	0.004571637	0.0	0.0	0.00323489	0.0	0.0	0.0	0.0	0.020188022	0.0	0.0	0.0	0.0	0.013727615	0.025159278	0.057180601	0.0	NaN
AT1G73530	0.0	0.0	0.0	0.082053913	0.202586281	0.248977668	0.282295381	0.281110661	0.319187641	0.294044471	0.280441608	0.296171308	0.303665496	0.302297995	0.323213016	0.319253781	0.351265477	0.376678571	0.383259218	0.4183632	0.423910287	0.442947809	0.479592604	0.480399138	0.501345187	0.482951489	0.464383763	0.426472049	0.383046452	0.322354479	0.398252535	0.726777885
AT1G74070	0.0	0.0	0.010490579	0.00371371	0.0	0.0	0.025666379	0.003630936	0.022277766	0.035493421	0.035666549	0.060664324	0.076902143	0.087733629	0.079057672	0.086575835	0.085123933	0.065533589	0.085761266	0.100425702	0.087437168	0.11204566	0.132152894	0.113062276	0.114734392	0.090649546	0.1111851	0.13600538	0.126734488	0.1368662	0.244751571	0.273176875
AT1G74710	0.42648172	0.041562144	0.027306473	0.032820879	0.025033409	0.023027543	0.033641689	0.016324452	0.02154431	9.52E-5	0.002591784	0.0	0.0	0.0	0.0	0.0	0.0	0.0	0.0	0.0	0.0	0.0	0.0	0.0	0.0	0.0	0.0	0.0	0.0	0.0	0.188533117	NaN
AT1G74880	0.0	0.003018964	0.063214869	0.031642469	0.037801216	0.015544268	0.027634271	0.001946607	0.005366246	0.0	0.0	0.0	0.0	0.0	0.0	0.013602053	0.019998071	0.006737477	0.0	0.011323655	0.008431705	0.037893695	0.031342681	0.038324131	0.026656121	0.057270298	0.07033579	0.09790124	0.122319846	0.152245395	0.401196194	0.0
AT1G75690	0.024336191	0.0	0.0	0.0	0.0	0.0	0.0	0.0	0.0	0.0	0.0	0.037091132	0.069292509	0.109804332	0.150590882	0.176447452	0.20870099	0.236589981	0.257216244	0.273089285	0.295156067	0.326216708	0.334729253	0.348234229	0.357885847	0.350191041	0.328359057	0.321349697	0.312809928	0.383853805	0.706628605	1.061354183
AT1G76760	0.004559461	0.0	0.0	0.0	0.0	0.0	0.0	0.0	0.0	0.0	0.0034359	0.021260408	0.029069159	0.031262399	0.023601068	0.037383505	0.024708678	0.023450892	0.031592227	0.029258202	0.027901611	0.02152236	0.028674297	0.026897433	0.016226751	0.023194479	0.033186004	0.028632772	0.027783306	0.043247524	0.03732173	0.136138036
AT1G78915	0.14428933	0.150099817	0.089172526	0.05898568	0.0	0.0	0.016434284	0.004322019	0.0	0.022410714	0.060307291	0.030990027	0.05076917	0.044793655	0.057180215	0.05311553	0.081217027	0.092196566	0.0672315	0.058162625	0.049826552	0.059890504	0.041458698	0.024909991	0.041959663	0.0	0.0	0.0	0.0	0.0	0.512672401	0.369069867
AT1G79040	0.0	0.0	0.0	0.0	0.0	0.0	0.0	0.0	0.0	0.0	0.0	0.0	0.0	0.0	0.0	0.0	0.007868952	0.009733697	0.023462616	0.025058136	0.020009249	0.009037197	0.001309238	0.0	0.0	0.0	0.0	0.0	0.0	0.0	0.0	0.0
AT1G79230	0.107954997	0.0	0.003965366	0.0	0.001164261	0.0	0.0	0.002419134	0.0	0.0	0.0	0.0	0.0	0.0	0.0	0.0	0.0	0.0	0.0	0.0	0.0	0.0	0.005452526	0.003304491	0.002875119	0.0	0.001042029	0.010418952	0.008495135	0.018784574	0.0	0.350180099
AT1G79450	0.052403909	0.147091138	0.059505117	0.110451904	0.062515342	0.056134763	0.109017155	0.102583415	0.14149892	0.176631513	0.19153683	0.184518513	0.208786802	0.21279735	0.244192621	0.274810262	0.279031405	0.26772472	0.279191185	0.304302589	0.284324619	0.308110236	0.288250367	0.26967284	0.299538788	0.274794054	0.268129482	0.332822075	0.38402495	0.497494987	0.716384321	0.79013383
AT1G80030	0.198127352	0.117462866	0.055056421	0.048613298	0.043058396	0.034154657	0.041681384	0.038585357	0.045027495	0.057269571	0.057194435	0.064413108	0.056673435	0.051226924	0.04448442	0.042512093	0.048189562	0.05230992	0.047412763	0.045614474	0.045449845	0.045691911	0.03900059	0.042238072	0.031487013	0.025187068	0.015740474	0.0	0.0	0.0	0.035596782	0.179701485
AT2G01140	0.0	0.0	0.0	0.0	0.0	0.0	0.0	0.0	0.0	0.0	0.0	0.0	0.0	0.0	0.0	0.0	0.0	0.0	0.0	0.0	0.0	0.0	0.0	0.0	0.0	0.0	0.0	0.019482986	0.0	0.003624149	0.060877356	NaN
AT2G01918	0.114991898	0.19705919	0.195251783	0.226636976	0.210171551	0.190987055	0.176126386	0.148334097	0.136459461	0.105548408	0.091242102	0.06316377	0.065063339	0.055454923	0.048395154	0.052916147	0.043615756	0.044901153	0.052680734	0.053028185	0.05086094	0.061612449	0.071372472	0.071656511	0.083688589	0.10162956	0.133285077	0.184629194	0.241359636	0.308215285	0.385882708	0.0
AT2G17630	0.0	0.002849066	0.0	0.0	0.0	0.0	0.0	0.0	0.0	0.0	0.0	0.010375793	0.0	0.0	0.0	0.0	0.0	0.0	0.0	5.27253E-4	0.013208633	0.0	0.013556556	0.001637491	0.012196302	0.023294912	0.010015078	0.009067526	0.003588309	0.004128865	0.001203466	0.025938362
AT2G18790	0.488715447	0.563662626	0.472414402	0.375355555	0.312138078	0.287292481	0.256405872	0.226276298	0.249932666	0.249349719	0.251316176	0.268636811	0.258918637	0.262889504	0.266637904	0.274159332	0.281517222	0.300063941	0.29500066	0.31193121	0.306684908	0.305677065	0.312498302	0.332212559	0.32577581	0.33269211	0.337460848	0.370790298	0.385371857	0.423095	0.551174818	0.901877662
AT2G20260	0.244974606	0.190404501	0.125724986	0.099044903	0.077161367	0.076082232	0.080697567	0.063214649	0.075307258	0.06575487	0.070627205	0.071539265	0.079964673	0.079546525	0.081068492	0.092468422	0.101260745	0.111203163	0.101793363	0.124762958	0.141982387	0.132872418	0.148399023	0.157586608	0.163709444	0.174266978	0.171858206	0.179112477	0.200677391	0.216290749	0.308628228	0.389555279
AT2G20270	0.014698493	0.048470475	0.0	0.0	0.003868769	0.004775663	0.0	0.004640348	0.0	0.0	0.0	0.0	0.0	0.0	0.0	0.0	0.0	0.0	0.0	0.0	0.0	0.0	0.0	0.0	0.008574373	0.01240288	0.017109982	0.021887127	0.019444178	0.03144118	0.01380063	0.0
AT2G21160	0.0	0.03911978	0.011309676	0.030555475	0.029512284	0.015045687	0.027255904	0.035326859	0.032800221	0.044786928	0.044939194	0.046804446	0.061960607	0.056521755	0.085210793	0.063492584	0.084557095	0.090875147	0.10122369	0.095981681	0.096485597	0.08987223	0.100559557	0.08418707	0.084362715	0.078637322	0.072417706	0.083966674	0.087803627	0.109945788	0.073965684	0.935784974
AT2G21530	0.224063089	0.094536447	0.098466632	0.086868916	0.100897221	0.083649923	0.083457669	0.082607707	0.063889576	0.069897216	0.048020329	0.06294233	0.062887654	0.046984103	0.057994565	0.051872323	0.049563852	0.060497811	0.06218239	0.056182639	0.062581144	0.074770471	0.078183378	0.078501195	0.07761321	0.098291027	0.086192863	0.098365525	0.108118617	0.113023094	0.151237249	0.0
AT2G22360	0.09022016	0.058324254	0.073555055	0.054844376	0.070498171	0.061565501	0.059173532	0.058173849	0.061443934	0.058013756	0.059861302	0.066688606	0.068188399	0.060716786	0.075673003	0.04971606	0.060058318	0.070593554	0.067114025	0.047740244	0.059723218	0.041843853	0.024476074	0.025521708	0.026470927	0.019703474	0.024175046	0.03250019	0.025806794	0.011125943	0.0	NaN
AT2G24020	0.155637094	0.061283886	0.058996189	0.057875771	0.056936225	0.046462648	0.050115655	0.039521324	0.028693603	0.022099493	0.018631013	0.01442016	0.004231992	0.0	0.0	7.3E-4	0.0	0.0	0.0	0.0	0.0	0.0	0.0	0.0	0.0	0.0	0.0	0.0	0.0	0.0	0.0	0.087941874
AT2G26340	0.065408608	0.019986676	0.021282184	0.02665625	0.023991221	0.021202253	0.045042616	0.054000966	0.088210787	0.104459982	0.129134682	0.147948446	0.164221747	0.193677654	0.208065649	0.234845251	0.255968341	0.27160694	0.290733398	0.300168628	0.3033641	0.309041359	0.31245596	0.305792226	0.304217256	0.287488931	0.286225304	0.278110578	0.295723083	0.345245256	0.49291606	0.661220044
AT2G26360	0.469593162	0.090019432	0.24203202	0.322680586	0.373800926	0.462936763	0.602633981	0.72738834	0.811421836	0.88335779	0.883866645	0.97714203	1.011134306	1.058897773	1.081742192	1.110516244	1.122898812	1.12711089	1.114906519	1.139146801	1.104032275	1.105615224	1.084332726	1.092771439	1.048122556	1.030015789	1.01156085	0.990337564	1.044799592	1.149444963	1.480068472	2.243745365
AT2G26550	0.0	0.0	0.0	0.0	0.0	0.066220191	0.195215914	0.323831497	0.412676553	0.492456586	0.492069396	0.481655297	0.440373645	0.386655546	0.300667515	0.217896324	0.153762855	0.099420359	0.04207049	0.00892721	0.0	0.0	0.0	0.0	0.0	0.0	0.0	0.0	0.0	0.0	0.0	0.0
AT2G27290	0.0	0.01105116	0.03437344	0.036592871	0.052365025	0.051415088	0.050512404	0.041528275	0.048473216	0.038371952	0.032900394	0.05034898	0.020206812	0.04767051	0.043815709	0.045122771	0.05269963	0.056304566	0.050290465	0.058603571	0.065879097	0.054992889	0.062245292	0.062523761	0.076771247	0.047630242	0.047410571	0.032001817	0.03096588	0.0	0.002927111	0.0
AT2G29180	0.105931062	0.042936746	0.110067202	0.152933288	0.145135755	0.133829567	0.135322605	0.133883974	0.121505492	0.116142906	0.120730502	0.105486116	0.076849208	0.065954784	0.043187932	0.026348885	0.0	0.005364676	0.0	0.0	0.0	0.0	0.0	0.0	0.0	0.0	0.0	0.0	0.0	0.0	0.0	0.032191106
AT2G29500	0.0	0.0	0.0	0.0	0.013687048	0.0	0.015300115	0.035406733	0.035612451	0.024527718	0.047111162	0.056421466	0.053454739	0.034260233	0.055789211	0.057400117	0.043535494	0.066743383	0.051351166	0.051141089	0.067646556	0.020335496	0.047484232	0.042730332	0.034448032	0.043506455	0.037204192	0.058617619	0.051258986	0.021859392	0.0	0.0
AT2G30695	0.0	0.0	0.0	0.0	0.0	0.0	0.0	0.010415819	0.04237178	0.066596523	0.064404862	0.082517016	0.061129302	0.063146613	0.061240151	0.074309576	0.065295253	0.052557001	0.047964062	0.031578293	0.020476526	0.0	0.0	0.0	0.0	0.0	0.0	0.0	0.0	0.0	0.0	0.0
AT2G30950	0.0	0.0	0.001964342	0.001058633	0.017843476	0.032838902	0.036495322	0.039964747	0.066927273	0.076406655	0.090608928	0.101589449	0.098143785	0.110815783	0.11918257	0.115538891	0.120859925	0.121533326	0.127342173	0.118101001	0.103061399	0.113784519	0.104867691	0.100841968	0.083015714	0.081505545	0.079777785	0.090297439	0.076938215	0.067092117	0.078100445	0.765534746
AT2G35040	0.0	0.011321703	0.064397638	0.077906695	0.11188862	0.111738578	0.12304077	0.111644647	0.087839499	0.089109856	0.055021905	0.068344188	0.063835537	0.053981932	0.062325111	0.065785138	0.049867011	0.056210498	0.054778071	0.062142563	0.029399933	0.055696656	0.062235021	0.072967991	0.095443358	0.104825538	0.105798744	0.131943179	0.121934393	0.08772894	0.041145704	0.008685117
AT2G37230	0.0	0.0	0.022056073	0.022980334	0.056097665	0.037613479	0.023828074	0.011319784	0.028219369	0.013576264	0.0	0.0	0.0	0.0	0.0	0.0	0.0	0.0	0.0	0.0	0.0	0.0	0.0	0.0	0.0	0.0	0.0	0.0	0.0	0.0	0.0	NaN
AT2G37400	0.124112008	0.123703518	0.080506346	0.038045846	0.0	0.038285105	0.005759189	0.017995622	0.016051324	0.027202216	0.052482733	0.060382985	0.061797071	0.059730812	0.043929142	0.045478365	0.035217932	0.041852149	0.058804757	0.055088567	0.04960484	0.062465558	0.043898563	0.034556296	0.045763659	0.037696183	0.044113822	0.030532277	0.050373737	0.081139032	0.119731551	0.009031247
AT2G37660	0.0	0.025935659	0.0	0.0	0.0	0.0	0.012821763	0.0244659	0.031161834	0.044181886	0.04251195	0.060511224	0.062552445	0.051524869	0.059293407	0.062681256	0.054120634	0.070882717	0.051994097	0.062949986	0.061651827	0.046216766	0.048754107	0.04630145	0.036902745	0.039311993	0.032390681	0.031032487	0.057683042	0.069291894	0.071770463	0.057730559
AT2G40100	0.030816902	0.057447403	0.067042543	0.034753723	0.007105032	0.0	0.0	0.003164981	0.007324161	0.018213656	0.02267994	0.028653187	0.010999233	0.009261128	0.026609822	0.016398082	0.023695256	0.035676974	0.038538213	0.034982411	0.070572307	0.02894026	0.03487211	0.033052667	0.024346627	0.037482979	0.039877637	0.053960898	0.06345963	0.07594956	0.111541166	0.197042004
AT2G40400	0.31721034	0.146642872	0.07032017	0.044682882	0.07700531	0.06314008	0.091083209	0.096013063	0.105417548	0.116353438	0.110359903	0.117252932	0.118535129	0.115011812	0.109562334	0.117980002	0.105544375	0.106541545	0.105460303	0.103472773	0.103176497	0.079444141	0.090150105	0.074476384	0.051715135	0.03035976	0.040302905	0.038700197	0.050434081	0.06131341	0.176834746	0.403319742
AT2G40760	0.116942408	0.038104862	0.004826005	0.0	0.0	0.0	0.0	0.0	0.0	0.003613755	0.004709278	0.014305645	0.012594831	0.019960409	0.009666488	0.016960742	0.019196157	0.027896191	0.021536588	0.033405691	0.020334801	0.02444668	0.027137941	0.032401568	0.031215334	0.020631851	0.034911913	0.041633169	0.041119113	0.055697429	0.090404591	0.185897624
AT2G41330	0.0	0.022109715	0.007842644	0.0	0.0	0.0	0.008366042	0.018903586	0.001153593	0.012661532	0.008318062	0.011434439	0.010252326	0.002578523	0.022736978	0.010107415	0.019240934	0.013115391	0.007887137	0.025376554	0.023780445	0.022108649	0.03127722	0.029940915	0.037909982	0.041401827	0.020727108	0.038657663	0.063018291	0.064848578	0.08549207	0.13818541
AT2G41680	1.186200635	1.115596406	0.519047706	0.503357108	0.522178833	0.451444229	0.453968195	0.369872769	0.34714263	0.315574555	0.308009355	0.287285603	0.310776756	0.289735664	0.310395451	0.326238041	0.351964509	0.341465084	0.353706473	0.376834854	0.362413446	0.388124094	0.402337607	0.436429392	0.438678836	0.48374328	0.526299958	0.551423724	0.678612961	0.943804937	1.739928521	1.349019564
AT2G42240	0.0	0.0	0.0	0.0	0.0	0.0	0.0	0.0	0.0	0.0	0.0	0.0	0.0	0.0	0.0	0.0	0.0	0.0	0.0	0.0	0.0	0.0	0.0	0.0	0.0	0.0	0.0	0.0	0.0	0.0	0.025172829	0.0
AT2G42975	0.14963385	0.0	0.0	0.0	0.0	0.0	0.0	0.0	0.0	0.0	0.0	0.0	0.0	0.0	0.0	0.001117743	0.0	0.003420138	0.00892478	0.016546615	0.026494979	0.024295211	0.027132116	0.020003902	0.027885763	0.040093067	0.022012174	0.03356488	0.050029842	0.055890228	0.138252973	NaN
AT2G43010	0.031008642	0.0	0.0	0.0	0.0	0.0	0.0	0.0	0.0	0.0	0.0	0.0	0.0	0.0	0.0	0.0	0.0	0.0	0.0	0.0	0.0	0.0	0.0	0.0	0.0	0.0	0.0	0.0	0.0	0.0	0.0	NaN
AT2G44990	0.0	0.0	0.0	0.0	0.0	0.0	0.005104714	0.006767226	0.019460284	0.03304341	0.040013166	0.048089707	0.056901064	0.051462129	0.060760421	0.056823347	0.062698182	0.069385566	0.063327691	0.073584573	0.07007218	0.05225051	0.049211283	0.050165914	0.035176437	0.034527681	0.042720542	0.04958695	0.065129277	0.072765771	0.055363194	0.0
AT3G01440	0.094057566	0.16695876	0.176769322	0.216470241	0.207493526	0.194168273	0.165188489	0.150920363	0.149716013	0.120116778	0.104321738	0.100502756	0.077454716	0.071728698	0.071828459	0.073209044	0.072315533	0.081690448	0.077682701	0.090470882	0.069817775	0.071454224	0.075992227	0.081096744	0.084338554	0.113867477	0.147792087	0.173785955	0.205994276	0.238758149	0.389858398	0.298615608
AT3G01480	0.682259702	0.0	0.0	0.142411048	0.330350317	0.415455986	0.525029101	0.606737365	0.68318369	0.711230952	0.723644025	0.805268429	0.784599444	0.79427269	0.835907361	0.849419779	0.860257385	0.831624086	0.925493213	0.926105995	0.983035638	1.00876709	1.026087642	1.066792699	1.080868369	1.053657206	1.078998058	1.109279649	1.193195482	1.336755109	1.78777988	NaN
AT3G08920	0.02576406	0.0	0.0	0.0	0.0	0.0	0.0	0.019924865	0.052106221	0.060500988	0.065469542	0.070251953	0.06507871	0.068195228	0.061535146	0.055013437	0.04822965	0.044601025	0.037502886	0.02990291	0.037443642	0.038682726	0.027545554	0.014418076	0.0	0.0	0.0	0.0	0.0	0.0	0.0	0.0
AT3G10130	0.0	0.0	0.0	0.0	0.0	0.0	0.0	0.0	0.0	0.0	0.0	0.0	0.0	0.0	0.0	0.0	0.0	0.0	0.0	0.0	0.0	0.0	0.0	0.0	0.0	0.0	0.0	0.0	0.0	0.0	0.0	NaN
AT3G10470	0.0	0.0	0.0	0.0	0.0	0.0	0.0	0.0	0.0	0.0	0.0	0.0	0.0	0.0	0.0	0.0	0.0	0.0	0.0	0.0	0.0	0.0	0.0	0.0	0.0	0.0	0.0	0.0	0.0	0.0	0.0	0.0
AT3G15110	0.078106863	0.102366637	0.108506845	0.132772554	0.138993916	0.117093295	0.117176862	0.11248205	0.100637152	0.085592623	0.079202428	0.073981209	0.067648753	0.055923888	0.049249001	0.043717496	0.052324671	0.039484657	0.045020561	0.035392404	0.030222774	0.026994036	0.020232711	0.014579768	0.021446891	0.033653528	0.054068549	0.064325116	0.086376463	0.128522042	0.230829877	0.017826567
AT3G15360	0.0	0.0	0.0	0.0	0.0	0.0	0.0	0.0	0.0	0.0	0.0	0.0	0.0	0.0	0.0	0.0	0.0	0.0	0.0	0.0	0.0	0.0	0.0	0.0	0.0	0.0	0.0	0.0	0.0	0.0	0.0	0.0
AT3G15840	0.271461102	0.0	0.0	0.0	0.0	0.0	0.0	0.0	0.0	0.0	0.0	0.0	0.0	0.0	0.0	0.0	0.0	0.0	0.0	0.0	0.0	0.0	0.0	0.0	0.0	0.0	0.0	0.0	0.0	0.0	0.0	0.0
AT3G17830	0.166555468	0.0	0.0	0.245017826	0.562929506	0.766018847	0.968699187	1.014821102	1.039014535	1.021172921	0.98867889	0.935616956	0.922666878	0.903339642	0.884584158	0.84924944	0.832754942	0.832867279	0.802139353	0.777465732	0.748374713	0.760726831	0.772177982	0.758565822	0.691363916	0.66290035	0.567775521	0.457705084	0.243606059	0.0	0.0	0.0
AT3G19490	0.435365861	0.07561255	0.0	0.0	0.0	0.0	0.0	0.0	0.0	0.0	0.0	0.0	0.0	0.0	0.0	0.0	0.007078038	0.006277998	0.0	0.0	0.0	0.0	0.0	0.0	0.0	0.0	0.0	0.0	0.0	0.049202375	0.264140884	0.901439636
AT3G21055	0.0	0.0	0.0	0.0	0.0	0.0	0.0	0.0	0.0	0.0	0.0	0.0	0.0	0.0	0.014387911	0.024729116	0.042399596	0.045736994	0.056070811	0.067057798	0.074442102	0.080529682	0.083843785	0.083902055	0.074036087	0.065026452	0.053147757	0.036706538	0.015405398	0.021047888	0.030140194	0.43087908
AT3G22690	0.011929074	0.002741251	0.0	0.0	0.0	0.0	0.0	0.0	0.0	0.0	0.0	0.0	0.0	0.0	0.0	0.0	0.0	0.0	0.0	0.0	0.0	0.0	0.0	0.0	0.0	0.0	0.0	0.0	0.0	0.0	0.0	0.069103584
AT3G24590	0.114115286	0.024020061	0.0	0.0	0.0	0.0	0.0	0.0	0.0	0.0	0.0	0.0	0.0	0.0	0.0	0.0	0.0	0.0	0.0	0.0	0.0	0.0	0.0	0.0	0.0	0.0	0.0	0.0	0.0	0.0	0.0	NaN
AT3G25480	0.0	0.0	0.0	0.0	0.0	0.0	0.0	0.0	0.0	0.0	0.0	0.0	0.0	0.0	0.0	0.0	0.0	0.0	0.0	0.0	0.0	0.0	0.0	0.0	0.0	0.0	0.0	0.0	0.0	0.0	0.0	0.0
AT3G26080	0.0	0.0	0.0	0.0	0.0	0.0	0.0	0.0	0.0	0.0	0.0	0.0	0.0	0.0	0.0	0.0	0.0	0.0	0.0	0.0	0.0	0.0	0.0	0.0	0.0	0.0	0.0	0.0	0.0	0.0	0.0	0.0
AT3G26580	0.019305085	0.078695758	0.0219118	0.056366383	0.0	0.022778833	0.045414732	0.074391115	0.068680058	0.083237557	0.093053768	0.073957407	0.091217064	0.091474435	0.083739129	0.109778519	0.113092174	0.10650411	0.119260402	0.114656043	0.125664652	0.148752884	0.148531643	0.129924104	0.145549685	0.135454955	0.13223843	0.144361354	0.15880143	0.190023282	0.266305645	0.606925514
AT3G28850	0.0	0.0	0.038025815	0.044092263	0.04621957	0.030125297	0.039330852	0.023082235	0.019120253	0.0	0.003683804	0.011928032	0.002266711	0.011069112	0.012404391	0.02565332	0.007740959	0.004844546	0.012039527	0.015139922	0.011130418	0.022613886	0.038199089	0.02894556	0.027085714	0.035812393	0.043545536	0.00517742	0.0	0.0	0.0	NaN
AT3G46610	0.0	0.0	0.0	0.033564277	0.168293939	0.250121342	0.321330579	0.378232359	0.413295052	0.432906973	0.474619084	0.498985955	0.526217649	0.530515504	0.554088226	0.539636777	0.538556091	0.536480768	0.499584799	0.495015935	0.479386567	0.450391892	0.422954666	0.384416948	0.341934474	0.292372314	0.202848091	0.141278682	0.061930407	0.0	0.0	0.108365079
AT3G46780	0.0	0.0	0.0	0.0	0.0	0.0	0.0	0.0	0.0	0.0	0.0	0.0	0.0	0.0	0.0	0.0	0.0	0.0	0.0	0.0	0.0	0.0	0.0	0.0	0.0	0.0	0.0	0.0	0.0	0.0	0.0	0.0
AT3G47060	0.115590145	0.0796326	0.052573056	0.049464764	0.054582091	0.042612271	0.045466145	0.038013945	0.034751456	0.030321497	0.024707195	0.017442304	0.020178496	0.017965208	0.019298873	0.016537395	0.018730902	0.026520656	0.028632807	0.033371677	0.030780439	0.044448657	0.045049327	0.052379292	0.052675643	0.043300514	0.051184621	0.046706985	0.037396206	0.033038159	0.033171196	0.0
AT3G47450	0.242035981	0.278463314	0.367230389	0.616124847	0.874735032	1.053351791	1.207727829	1.312334051	1.357189943	1.416000736	1.465105751	1.495743865	1.520209876	1.553801834	1.602959123	1.619567183	1.622274537	1.626710094	1.636985407	1.613628106	1.604011519	1.599197602	1.544720309	1.479329644	1.400737577	1.21490524	1.049497336	0.839483358	0.633717043	0.477825315	0.30631485	0.359743862
AT3G53560	0.249315088	0.196228275	0.141626013	0.100944239	0.083950771	0.059606459	0.046900555	0.03459191	0.012820982	0.013138063	0.001824336	0.0	0.0	0.0	0.0	0.0	0.0	0.0	0.0	0.0	0.0	0.0	0.0	0.0	0.0	0.0	0.0	0.0	0.0	0.0	0.026832828	0.123835679
AT3G55330	0.077255365	0.022776771	0.0	0.0	0.0	0.0	0.0	0.0	0.0	0.0	0.0	0.0	0.0	0.0	0.0	0.0	0.0	0.0	0.0	0.003166414	0.027413344	0.020447573	0.023642467	0.02336292	0.037986328	0.01505395	0.058824503	0.055490556	0.052789678	0.074649284	0.109985376	NaN
AT3G56040	0.0	0.0	0.0	0.0	0.0	0.0	0.0	0.0	0.0	0.0	0.0	0.008803367	0.02370756	0.049518785	0.067193054	0.078317957	0.097903028	0.097473449	0.111322739	0.111894896	0.114000626	0.115370753	0.116800423	0.085142699	0.071566639	0.046165665	0.008175289	0.0	0.0	0.0	0.015346526	0.307416913
AT3G57680	0.079593737	0.045556939	0.020228017	0.0	0.004032627	0.0	0.0	0.0	0.0	0.0	0.0	0.0	0.0	0.0	0.0	0.0	0.0	0.0	0.0	0.0	0.0	0.0	0.0	0.0	0.0	0.0	0.0	0.0	0.0	0.002464729	0.022455413	0.018534551
AT3G58010	0.249681476	0.120254776	0.066210265	0.075780093	0.076353044	0.071597245	0.058699061	0.055647269	0.06934285	0.051009533	0.042657522	0.046807178	0.049253319	0.041751085	0.042563902	0.04931706	0.056760219	0.056371162	0.051432482	0.050878314	0.055865811	0.056788877	0.047197128	0.056566998	0.053576277	0.062771138	0.061864765	0.069623549	0.067994185	0.08400515	0.121252771	0.29674998
AT3G60370	0.407814969	0.176299684	0.111829357	0.094367528	0.108872568	0.082030482	0.128352491	0.118950157	0.134052353	0.136874951	0.12554732	0.135097917	0.141174732	0.150693912	0.135119042	0.150343667	0.149298678	0.157997928	0.157473378	0.171859451	0.148102967	0.156773408	0.156860009	0.184261788	0.18362759	0.157469897	0.166382817	0.173640148	0.179246979	0.240613538	0.49125481	NaN
AT4G01050	0.063809626	0.003010959	0.013139128	0.009120085	0.008157475	0.0	0.0	0.0	0.0	0.0	0.0	0.0	0.0	0.0	0.0	0.0	0.0	0.0	0.0	0.0	0.0	0.0	4.55701E-4	0.008361637	0.004686654	0.020975543	0.022645663	0.021518543	0.020909023	0.028987719	0.04656465	0.232892787
AT4G01900	0.086638159	0.087592616	0.035519298	7.98E-4	0.0	0.00281566	0.0	0.0	0.0	0.0	0.0	0.0	0.0	0.0	0.0	0.0	0.0	0.0	0.0	0.0	0.0	0.008261855	0.0	0.0	0.003577197	0.016039502	0.0257641	0.008331735	0.039953291	0.026901429	0.072974207	0.648091341
AT4G04020	0.066392316	0.065054833	0.048080816	0.047208344	0.038862902	0.028030856	0.029586726	0.021990266	0.035791958	0.045946283	0.021412933	0.010421137	0.035983754	0.029395639	0.028629821	0.034044836	0.040103225	0.053477759	0.037302397	0.056329331	0.062713219	0.076772389	0.056377423	0.08392772	0.07121895	0.085319732	0.104991867	0.120409262	0.156920759	0.16011661	0.234889791	0.65916252
AT4G13010	0.111878828	0.085603976	0.070101289	0.065372299	0.056225714	0.051273313	0.037146189	0.031567355	0.049244665	0.054247517	0.031206777	0.029906351	0.030392944	0.024913263	0.021752466	0.01318636	0.013173122	0.026852814	0.013278474	0.008888402	0.027853785	0.029198112	0.005473814	0.019372503	0.026005313	0.028164183	0.025433946	0.041013324	0.056291089	0.023135154	0.061578455	0.464805336
AT4G13670	0.405412973	0.046316549	0.0	0.0	0.0	0.0	0.0	0.0	0.0	0.0	0.0	0.0	0.0	0.002467201	0.009489539	0.019543663	0.015583689	0.010794071	0.01457979	0.011224592	0.017640756	0.007091202	0.006860507	0.013145994	0.004588049	0.016046162	0.023058821	0.022890198	0.036069893	0.079130568	0.320288896	NaN
AT4G16155	0.191179567	0.076233894	0.054407857	0.048398602	0.07453211	0.070894886	0.09725086	0.11169524	0.121209493	0.146592726	0.159175245	0.1736735	0.197621161	0.209364022	0.232436222	0.244260563	0.268842035	0.277182322	0.283871254	0.304985341	0.322778807	0.319766709	0.336276212	0.339178192	0.340930906	0.3577402	0.347056431	0.359405198	0.386521583	0.401840434	0.562032704	1.243627788
AT4G18370	0.0	0.0	0.0	0.0	0.0	0.0	0.0	0.0	0.0	0.0	0.0	0.0	0.005318724	0.0	0.0	0.002479156	0.0	0.0	0.003948866	0.002718691	0.006183959	0.0	0.0	0.0	0.0	0.0	0.0	0.0	0.0	0.0	0.0	NaN
AT4G19830	0.057444364	0.059129355	0.085898167	0.024378099	0.041942335	0.035539006	0.030827458	0.045205466	0.039215291	0.030964293	0.038683551	0.025934446	0.057157239	0.046762901	0.05503694	0.060529125	0.05129265	0.066922206	0.075782517	0.070526471	0.094593051	0.106110934	0.078449544	0.10234224	0.109512212	0.113640653	0.111339411	0.107603854	0.127308343	0.120141624	0.173908396	0.414807441
AT4G20820	0.018130664	0.038394394	0.043128194	0.01112452	0.008839187	0.018425371	0.003616799	1.30462E-4	4.23555E-4	0.0	0.0	0.0	0.0	0.001465582	0.0	0.0	0.0	0.006989205	0.0	0.010769535	0.001495691	0.025235084	0.013161533	0.020961478	0.024674298	0.028107195	0.036668496	0.048235405	0.042595125	0.048597074	0.100140827	0.47638783
AT4G23890	0.04477562	0.085600961	0.088249383	0.125159773	0.126678758	0.111367854	0.122315641	0.115442852	0.125433184	0.138627698	0.146629915	0.138574662	0.127016536	0.106757464	0.123827957	0.118336259	0.117288831	0.116226476	0.127892832	0.116832859	0.114651658	0.125256873	0.128523168	0.133719663	0.140903877	0.156033533	0.177101639	0.216060976	0.256097138	0.312571802	0.424997925	0.28306617
AT4G24750	0.181169703	0.0	0.040463114	0.061385286	0.068227715	0.069065298	0.068573617	0.081645621	0.080976141	0.078232297	0.097943094	0.092300591	0.100071208	0.099568662	0.087163275	0.096204642	0.097318088	0.094777225	0.089126694	0.081458849	0.090054735	0.085376795	0.07217388	0.07773596	0.048893148	0.054377739	0.038547085	0.04464226	0.006173604	0.0	0.0	0.0
AT4G24930	0.0	0.0	0.0	0.014017986	0.0	0.0	0.0	2.71E-4	0.008535096	0.0	0.0	0.0	0.010769635	0.006731988	0.010429637	0.025068802	0.014796667	0.010679941	0.022350907	0.027379624	0.015954932	0.010841116	0.017149654	0.020427062	0.009577232	0.009658224	0.012003667	0.008305074	0.010682817	0.02564414	0.056710489	0.151714897
AT4G25050	0.051513604	0.10090287	0.166467694	0.220201582	0.377489698	0.483756732	0.606571569	0.694289589	0.76675641	0.874057104	0.930299843	1.02878211	1.131733285	1.198613103	1.267102328	1.320635252	1.380894959	1.427591711	1.46821055	1.487130832	1.545683049	1.57388232	1.565667968	1.604752358	1.614089611	1.581721934	1.612546818	1.623708024	1.7195127	1.889768524	2.45552174	3.203531175
AT4G25910	0.0	0.0	0.0	0.177960983	0.394703237	0.522764664	0.633783769	0.6971183	0.767989908	0.808691977	0.84488051	0.864143104	0.874222401	0.900789491	0.929920939	0.937806827	0.926401587	0.934339387	0.946819538	0.974659738	0.996786373	0.996017665	1.015384337	1.034107554	1.037298214	1.034273526	0.997579332	0.936742064	0.833253958	0.71054156	0.788365478	0.957152043
AT4G27700	0.523503939	0.0	0.0	0.0	0.0	0.0	0.0	0.0	0.0	0.0	0.0	0.0	0.0	0.0	0.0	0.0	0.0	0.0	0.0	0.0	0.0	0.0	0.0	0.0	0.0	0.0	0.0	0.0	0.0	0.0	0.0	0.485605189
AT4G33010	0.106749963	0.017174723	0.0	1.43231E-4	0.075506333	0.254618479	0.464826389	0.595062579	0.697417644	0.82145282	0.939688452	0.988810848	0.961473764	0.895029048	0.856762109	0.835436653	0.822094339	0.834617774	0.824306664	0.806162038	0.809593318	0.772525691	0.743335355	0.668805457	0.531095878	0.370017849	0.107296646	0.0	0.0	0.0	0.142142886	0.545164565
AT4G33520	0.0	0.0	0.022351397	0.257367455	0.381604387	0.492720394	0.57796307	0.642232239	0.681458823	0.724132936	0.794074462	0.81882207	0.883710925	0.914960203	0.940497834	0.990952798	1.002736889	1.044241663	1.05937127	1.045407826	1.0660234	1.082437886	1.070374456	1.087296322	1.055618228	1.030151848	1.019754556	0.993563642	0.924137265	0.963327384	1.491079992	NaN
AT4G35770	0.23879876	0.077287249	0.073985085	0.049623954	0.03012852	0.028699227	0.025048333	0.029190748	0.024213431	0.018031461	0.02707164	0.035982044	0.024892522	0.029454348	0.02674993	0.025092906	0.033047956	0.025104922	0.031063526	0.029787713	0.039293411	0.035084415	0.045863389	0.060060595	0.043746317	0.058559652	0.059080101	0.059030687	0.06001105	0.089434953	0.09548703	0.396113328
AT4G36810	0.737421711	0.590485126	0.531159177	0.569416995	0.718331243	0.83781075	0.96489589	1.058449522	1.200093418	1.314158843	1.41782316	1.491105073	1.52711028	1.65225756	1.69577445	1.738147188	1.801748566	1.806709756	1.858662217	1.85475085	1.903893697	1.916177322	1.918982606	1.951532683	1.933737754	1.938920038	1.915359309	1.988436533	2.014356847	2.16954895	2.619741507	3.735328675
AT4G37925	0.0	0.009665168	0.07513952	0.111576136	0.111400321	0.107764053	0.087004909	0.072875882	0.065872789	0.04613013	0.024806273	0.015802037	0.022549932	0.002967894	0.022189616	0.010437359	0.022557303	0.02812228	0.0414345	0.04313353	0.040065398	0.041565592	0.032408125	0.042487195	0.025402059	0.041309387	0.071172886	0.090441133	0.13099263	0.17627125	0.349573255	0.0
AT4G38380	1.64724E-4	0.0	0.0	0.0	0.0	0.0	0.0	0.0	0.0	0.0	0.0	0.0	0.0	0.0	0.0	0.0	0.0	0.0	0.0	0.0	0.0	0.0	0.0	0.0	0.0	0.0	0.0	0.0	0.0	0.0	0.0	0.119021917
AT4G39730	0.009411898	0.009886243	0.017429721	0.015852663	0.016601202	0.0	0.0	0.0	0.0	0.0	0.0	0.0	0.0	0.0	0.0	0.0	0.0	0.0	0.0	0.007020566	0.01563663	0.026584652	0.027183545	0.029527625	0.028558616	0.038133577	0.028831164	0.032031153	0.067783976	0.076218284	0.120026427	0.255862868
AT4G39960	0.0	0.0	0.0	0.0	0.0	0.0	0.0	0.0	0.0	0.0	0.0	0.0	0.0	0.0	0.0	0.0	0.0	0.0	0.0	0.0	0.0	0.0	0.0	0.0	0.0	0.0	0.0	0.0	0.0	0.0	0.0	0.0
AT5G01220	0.003222587	0.0	0.0	0.0	0.0	0.0	0.0	0.0	0.0	0.0	0.0	0.0	0.0	0.0	0.004109787	0.025119719	0.03745253	0.042241653	0.038905769	0.042698636	0.047181576	0.049960409	0.041707526	0.032025059	0.030739615	0.0188972	0.0	0.0	0.0	0.035159863	0.117958038	0.295674786
AT5G01500	0.0	0.0	0.0	0.016293007	0.027399977	0.032668885	0.044875319	0.045160184	0.053857516	0.064613417	0.065379885	0.071342859	0.069462625	0.074858937	0.078934064	0.068868093	0.072587293	0.070988038	0.083885299	0.081806594	0.087154349	0.091607656	0.106647043	0.106614218	0.110536352	0.108161002	0.110813332	0.112229891	0.080177879	0.083937319	0.119105804	0.336971345
AT5G02160	0.016209067	0.038263464	0.028261568	0.017655893	0.036606624	0.016806809	0.018358942	0.004482745	0.004956066	0.004161119	0.003097859	0.009576649	0.0	0.0	0.0	0.0	0.0	0.0	0.0	0.0	0.0	4.14811E-4	0.0	0.001682177	0.004116383	0.003724412	0.006004078	0.009577935	3.88974E-4	0.012991394	0.036271495	0.034877248
AT5G03455	0.078304069	0.013533271	0.024137818	0.0	0.0	0.00557373	0.0	0.0	0.004856462	0.0	0.011914261	0.022772912	0.014631218	0.019178227	0.009632567	0.015570456	0.010172552	0.006571858	0.011055835	0.002584769	0.004707138	0.005409473	0.009161304	0.0	0.001687127	0.004446943	8.5496E-4	7.51173E-4	0.0	0.0	0.0	0.343430787
AT5G07020	0.041715124	0.0	0.0	0.032939858	0.083168828	0.102511238	0.136565296	0.15933331	0.178591879	0.198629416	0.211217638	0.230658232	0.277373385	0.304496854	0.349519671	0.391575029	0.409551311	0.43748901	0.469139291	0.492380218	0.500583032	0.525354686	0.531937882	0.539995732	0.532477772	0.515232504	0.498587113	0.457851654	0.443365093	0.461645469	0.627169708	0.897805312
AT5G08050	0.0	0.0	0.0	0.0	0.0	0.0	0.0	0.0	0.0	0.0	0.0	0.0	0.0	0.0	0.0	0.0	0.0	0.0	0.0	0.0	0.0	0.002403971	0.0	0.0	0.0	0.0	0.0	0.0	0.0	0.0	0.059217392	0.0
AT5G08540	0.0	0.0	0.0	0.0	0.0	0.014018271	0.048018527	0.092772523	0.108832209	0.141102989	0.151052361	0.175198783	0.181094024	0.168778837	0.17535833	0.169090803	0.150540326	0.153562092	0.165792573	0.153295303	0.149213628	0.153705249	0.145918144	0.151129261	0.15281398	0.177799602	0.179040228	0.16657043	0.142579552	0.081140944	0.161371363	0.0
AT5G12470	0.0	0.0	0.0	0.0	0.0	0.0	0.0	0.0	0.0	0.0	0.0	0.0	0.0	0.0	0.0	0.0	0.0	0.0	0.0	0.0	0.0	0.0	0.0	0.0	0.0	0.0	0.0	0.0	0.0	0.0	0.0	0.135320632
AT5G13120	0.014995765	0.007278567	0.033069981	0.053461216	0.055520192	0.04989393	0.068808949	0.070023687	0.046200304	0.047874312	0.049028859	0.034036909	0.048025809	0.021705035	0.03814708	0.036071847	0.027873019	0.028735506	0.024776671	0.043453056	0.043064571	0.047140997	0.041075341	0.062902658	0.072574286	0.085636723	0.094110326	0.110419764	0.120319758	0.132824575	0.260422408	NaN
AT5G15250	0.0	0.0	0.0	0.009515959	0.012055045	0.034904807	0.04122871	0.043731587	0.052419623	0.065101907	0.070645836	0.075464151	0.080152971	0.072802448	0.078098827	0.079548924	0.079298913	0.074121812	0.076959438	0.078790913	0.086466485	0.075144611	0.067268114	0.070264353	0.059541599	0.054772065	0.046318375	0.030313013	0.0284878	0.01783113	0.015563095	NaN
AT5G16150	0.142706448	0.045075163	0.0	0.005690324	7.75E-5	0.013274174	0.005600812	0.005656422	0.006836189	0.002893112	0.001090601	0.007394137	0.007695294	0.015393772	0.009356791	0.018149851	0.011914698	0.007694695	0.011197344	0.010227417	0.009694491	0.0	0.00401728	0.008535817	0.014839666	0.008320019	0.01675073	0.013096177	0.019781623	0.02777666	0.029898548	0.394211709
AT5G16660	0.0	0.0	0.0	0.0	0.0	0.0	0.0	0.0	0.0	0.0	0.0	0.0	0.0	0.0	0.0	0.0	0.0	0.0	0.0	0.0	0.0	0.0	0.0	0.0	0.0	0.0	0.0	0.0	0.0	0.0	0.0	NaN
AT5G19370	0.090849164	0.094028522	0.077604785	0.064165495	0.055114509	0.055005043	0.061328077	0.066988545	0.078547368	0.0841	0.100515347	0.118904495	0.12045283	0.123839551	0.115934459	0.122710375	0.126975192	0.13101148	0.124435855	0.115931077	0.120638309	0.120075665	0.122373965	0.120192353	0.109854255	0.132962719	0.122257831	0.130860615	0.131875597	0.153810072	0.207169321	0.01701936
AT5G20140	0.026195752	0.037750948	0.026363263	0.011173128	0.044451635	0.047787668	0.047926147	0.070315929	0.082909946	0.091037815	0.090002393	0.106067691	0.106362623	0.106677635	0.103592552	0.096904675	0.101668081	0.0980229	0.078896714	0.09445044	0.088152989	0.101017457	0.088422549	0.086728608	0.099870788	0.086135601	0.093031498	0.084744355	0.092275345	0.08938606	0.086049542	0.201604181
AT5G21430	0.53296229	0.141567523	0.10657746	0.118473165	0.101142623	0.066744731	0.071655535	0.058655187	0.085437968	0.056739725	0.0468586	0.026825328	0.024094387	0.032190512	0.020713426	0.035870213	0.046356026	0.052949563	0.040887537	0.040036319	0.032077345	0.035166135	0.029245685	0.024748886	0.001295347	0.016913052	0.03751718	0.045495384	0.068669694	0.041343381	0.063722185	NaN
AT5G23890	0.0	0.13801828	0.153459225	0.171761442	0.128585956	0.148941626	0.109273829	0.09089474	0.080679674	0.076518431	0.056125061	0.051862226	0.040026691	0.046712352	0.040786173	0.024134972	0.030993801	0.012981931	0.031771394	0.016482529	0.025115468	0.031616611	0.031640355	0.051335243	0.033994689	0.062317547	0.054005	0.101748001	0.08535194	0.137972258	0.185061143	0.0
AT5G35170	0.337983994	0.172623866	0.111234843	0.078558191	0.069068013	0.055323841	0.047708253	0.051036613	0.052776212	0.042978866	0.028568576	0.02988521	0.031672803	0.035956999	0.043650669	0.047250854	0.064678677	0.072026783	0.07190427	0.085966895	0.087173949	0.094546247	0.096621436	0.111427448	0.117267305	0.096033172	0.102744517	0.10672448	0.121632102	0.150139446	0.284039281	0.158959775
AT5G39830	0.117273329	0.04861945	0.036936325	0.016953223	0.010604816	0.010446921	0.011356345	0.027580916	0.034843454	0.04145921	0.041095859	0.044076346	0.038210179	0.04152675	0.044647098	0.02544386	0.026310869	0.030639715	0.016875234	0.013185057	0.004312807	0.0	0.0	0.0	0.0	0.0	0.0	0.0	0.0	0.0	0.0	0.183966829
AT5G42270	0.0	0.0	0.0	0.0	0.0	0.0	0.088148248	0.22718689	0.34538019	0.432110699	0.501480153	0.560067142	0.594662984	0.62856842	0.658770356	0.661582541	0.660729244	0.665156007	0.654977945	0.623764732	0.613283946	0.589769186	0.524498642	0.470554886	0.410454501	0.355841031	0.290685127	0.253795413	0.181812734	0.132020992	0.068988548	0.0
AT5G42765	0.0	0.011477791	0.058871346	0.082005043	0.100760582	0.08022717	0.068749683	0.052817347	0.059123878	0.058504037	0.026314188	0.054221139	0.041178124	0.054749192	0.052197857	0.055030025	0.042758651	0.060886566	0.058694846	0.060560981	0.050592594	0.061446288	0.061296753	0.065349813	0.069322616	0.088274428	0.087015865	0.101344585	0.104990641	0.116370458	0.173415008	0.131517203
AT5G52440	0.38025641	0.166012298	0.097361304	0.091962112	0.110982159	0.093964104	0.112712817	0.093807306	0.080951939	0.076669917	0.06011931	0.06704602	0.034356285	0.028392183	0.034529171	0.009414927	0.0	0.0	0.004473972	0.0	0.0	0.0	0.0	0.0	0.0	0.0	0.0	0.0	0.0	0.0	0.019101892	NaN
AT5G52780	0.21031043	0.189777719	0.213177097	0.233260855	0.21342594	0.188832487	0.15018207	0.11512333	0.088600613	0.08100609	0.053223462	0.050673335	0.033130549	0.031145173	0.018988482	0.013516483	0.017294345	0.010338252	0.014952807	0.009851307	0.01457439	0.004290592	0.008460389	0.025189663	0.030887509	0.056458613	0.082307523	0.123306064	0.151299068	0.176699541	0.238594021	0.113496788
AT5G52970	0.0	0.0	0.0	0.0	0.0	0.0	0.0	0.0	0.0	0.0	0.0	0.0	0.0	0.0	0.0	0.0	0.0	0.0	0.0	0.0	0.0	0.0	0.0	0.0	0.0	0.0	0.0	0.0	0.0	0.0	0.0	0.198683994
AT5G53170	0.0	0.0	0.0	0.0	0.0	0.0	0.0	0.0	0.0	0.0	0.0	0.0	0.0	0.0	0.0	0.0	0.0	0.0	0.0	0.0	0.0	0.0	0.0	0.0	0.0	0.0	0.0	0.0	0.0	0.0	0.0	NaN
AT5G53490	0.025218629	0.0	0.024809371	0.017524592	0.031845366	0.019903244	0.039589176	0.043059019	0.034111994	0.031258732	0.020698551	0.017762268	0.024291881	0.024497853	0.020107847	0.027773424	0.022722648	0.026150049	0.029941345	0.026480279	0.012230395	0.018279462	0.018815488	0.008822491	0.005354492	0.0	0.0	0.0	0.0	0.0	0.0	NaN
AT5G59250	0.279224481	0.308515111	0.227538425	0.223610252	0.197179944	0.183523489	0.181374835	0.15999531	0.138871449	0.130244346	0.118456806	0.115723938	0.122063568	0.126338626	0.126052348	0.142902828	0.140831197	0.153721102	0.150397711	0.14309498	0.159751477	0.16309066	0.162622898	0.14875677	0.148929147	0.158628675	0.167310732	0.171847219	0.204080464	0.247110894	0.434752004	0.576314057
AT5G62720	0.0	0.0	0.022325735	0.040099178	0.034665102	0.008358542	0.002743695	0.0	0.0	0.0	0.0	0.0	0.0	0.0	0.0	0.0	0.0	0.0	0.0	0.0	0.0	0.0	0.0	0.0	0.0	0.0	0.0	0.0	0.0	0.0	0.0	0.0
