name[selection][flat][experiment][camera]	0.0	0.5	1.0	1.5	2.0	2.5	3.0	3.5	4.0	4.5	5.0	5.5	6.0	6.5	7.0	7.5	8.0	8.5	9.0	9.5	10.0	10.5	11.0	11.5	12.0	12.5	13.0	13.5	14.0	14.5	15.0	15.5
AT1G02560	0.002445222	-7.69E-4	0.007364472	0.001603991	7.72E-4	-0.003944149	-1.06E-4	-0.00491889	-0.011616078	-0.009076832	-0.010926165	-0.013761044	-0.010286982	-0.007890337	-0.006601905	-6.3E-4	-0.017541086	-0.00228743	-2.81E-4	-0.00384994	0.009282711	7.37E-4	-0.001893726	0.001429686	-5.41E-4	5.01E-4	0.004071892	0.003829311	0.003480893	-0.00188477	-3.25E-4	-0.002254535
AT1G03160	-0.090989053	-0.095152868	-0.107726489	-0.117436657	-0.127909691	-0.131318018	-0.131590714	-0.137177691	-0.14042139	-0.135379283	-0.149396279	-0.144068654	-0.133600521	-0.134617633	-0.124069335	-0.141502139	-0.129546436	-0.126226842	-0.1243511	-0.117771034	-0.117270109	-0.10886969	-0.111538025	-0.097321797	-0.092804103	-0.091613698	-0.088197509	-0.082705603	-0.082066899	-0.075567637	-0.070622689	-0.067135755
AT1G03600	-0.059349683	-0.037720078	-0.034668822	-0.030461417	-0.030128486	-0.032071147	-0.031901194	-0.029460456	-0.041643002	-0.065808942	-0.088399235	-0.137026706	-0.185228877	-0.241806465	-0.334587348	-0.367356592	-0.457014554	-0.532479174	-0.583467449	-0.668719307	-0.701598152	-0.747230045	-0.802866388	-0.821268689	-0.839427084	-0.869720498	-0.867763271	-0.859151024	-0.820206196	-0.775199015	-0.699568509	-0.627508169
AT1G03850	-0.01274099	-0.009856532	-0.010009057	-0.006582423	6.81E-4	0.00363021	-5.87E-4	-0.012862768	0.012712859	0.013354312	0.010120358	-3.51E-4	-0.01423718	-0.001742808	0.002380783	0.014426943	0.003531713	0.009129837	0.011764855	0.018728487	0.014718347	0.018414714	0.01725645	0.019211783	0.011857648	0.018662192	0.009044548	-0.004392568	-8.95E-4	0.001221746	-0.002618328	-0.002203489
AT1G05385	2.41E-5	-0.005033624	-4.34E-4	0.004162218	0.003032701	-1.69E-4	0.00316052	-0.003978684	0.004659689	0.001563349	-0.002295224	2.82E-4	0.00342906	0.007475795	0.006429218	0.014701154	0.002956694	0.016281316	0.008145636	9.76E-4	0.020118887	0.019235102	0.009990311	0.012401633	0.001686744	0.00482456	0.002132012	0.00741635	0.00272125	8.9E-4	-4.65E-4	0.003350122
AT1G06690	-0.002537762	-0.003038931	0.001632789	0.004096251	0.006042962	0.007245612	0.003665397	-0.001119318	0.001545162	-0.006791532	-0.013564241	-0.024297354	-0.016595342	-0.009771461	-0.011969355	-0.023168858	-0.024818397	-0.01837478	-0.021510336	-0.016239875	-0.01697199	-0.016315359	-0.010444842	-0.002366663	-0.006505506	-0.003626102	-0.002832961	4.15E-4	-0.00291272	-0.001639656	-0.002807162	-0.005870434
AT1G07510	3.91E-4	-0.002149262	-4.39E-4	0.005409371	0.004260284	0.006796856	0.008916424	-0.001079405	-0.005165903	-3.55E-4	-0.004062529	-0.021287282	-0.001068702	-0.003194776	-0.012097076	-0.007152632	-0.018687879	-0.001492093	-0.014233961	-0.008326765	-0.002345475	0.001051919	-0.001246078	0.005911164	8.61E-4	0.004407867	0.004126298	-4.34E-4	-5.7E-4	-0.004080899	-0.004413613	-0.009232517
AT1G10170	1.85E-4	3.85E-4	0.003598555	2.59E-4	4.46E-4	0.004326505	-0.002427974	-0.008163644	-0.006175562	-0.011539199	-0.006753503	-0.014003605	-0.018600639	-0.009552054	-0.004802269	-0.015772482	-0.011122125	-0.01914075	-0.01083475	-0.014112498	-0.016401052	-0.017677648	-0.009892163	-0.010736299	-0.00638005	0.002827727	-3.27E-4	-6.1E-4	0.009235951	0.009634689	0.015115079	0.008795593
AT1G12250	-0.007648786	-0.002977327	-1.81E-4	-0.009714213	-0.008292083	-0.012690676	-0.02013032	-0.011050511	-0.015256121	-0.023612251	-0.037530767	-0.034650023	-0.03180912	-0.038503661	-0.034165045	-0.025180129	-0.039593214	-0.040675277	-0.037118864	-0.045115041	-0.049182076	-0.049937404	-0.041519517	-0.043450209	-0.037473004	-0.037407284	-0.037850575	-0.03989046	-0.02816628	-0.02963197	-0.028393296	-0.018455182
AT1G14150	0.012954254	0.014049049	0.005392798	-0.006286762	-6.27E-4	-0.007648027	-0.005546095	-0.013139705	-0.01374559	-0.025039562	-0.033296803	-0.03131446	-0.023146994	-0.027196936	-0.011571373	-0.008300547	-0.012919728	-0.002012087	-0.009219354	0.003646343	0.003736398	-0.002834387	0.014620119	0.02740579	0.027327932	0.01985433	0.014553575	0.005152421	-0.001498391	0.004619932	0.01548087	0.025121253
AT1G14345	-0.009491428	-0.006238049	-0.013677175	-0.019292135	-0.039000815	-0.057257848	-0.074339705	-0.098848135	-0.104690701	-0.126276804	-0.105018283	-0.137948084	-0.113375628	-0.121807533	-0.113532721	-0.112452026	-0.104496992	-0.105837946	-0.078376539	-0.05673393	-0.067206616	-0.043610085	-0.019750794	-0.010932795	-0.009418941	-0.00690656	-0.002492624	0.006883057	0.002584731	0.008924779	0.003527923	0.004342125
AT1G14590	0.005553101	0.008005882	0.009692304	0.011950888	0.009534919	0.014830276	0.012048524	0.011210458	0.011612619	0.008072733	0.007017674	0.016424621	0.011042078	0.020641417	0.008087309	0.008231292	0.009238908	0.013654736	0.013371415	0.007148509	0.007503237	0.002550409	0.010497224	0.008036159	0.009263281	0.010976475	0.012166291	0.011162134	0.011323606	0.009875271	0.009724086	0.007333404
AT1G15140	0.010819512	2.32E-4	0.0076714	0.019512352	0.024495151	0.033604997	0.03731566	0.044230355	0.039546719	0.052001896	0.054299754	0.042702752	0.053814465	0.045012536	0.045727202	0.052434287	0.039973281	0.034842049	0.032287282	0.053062621	0.037025943	0.037709976	0.036978134	0.032724133	0.02382969	0.026966855	0.02031295	0.013045292	0.00414637	-0.004336691	-0.008672668	-0.014287438
AT1G15820	-0.025276721	-0.028929065	-0.027532941	-0.030399199	-0.023646724	-0.022680429	-0.019678516	-0.012847974	-0.016636504	-0.014468824	-0.003080284	-0.013311767	-0.01272384	-0.02596006	-0.008897755	-0.016723943	-0.010725613	-0.021456399	-0.017788211	-0.019490792	-0.008538292	-0.019217294	-0.007628824	-0.005271656	-0.013892568	-0.017867926	-0.021919244	-0.020153855	-0.027299985	-0.02768558	-0.03220588	-0.025724043
AT1G16790	-0.016371329	-0.008019304	-0.010412482	-0.012886141	-0.0087198	-0.013265992	-0.003111176	-0.004285705	0.014244397	0.00796442	0.018363076	0.005185475	-0.010447566	0.004255534	0.005407929	0.014209243	0.010423685	-0.011156528	0.001226877	0.008822501	-0.003432218	8.12E-4	0.015189631	0.013458824	0.004338973	0.006839851	-0.013392974	-0.002061968	-0.003694592	-0.001764276	-0.007169628	0.001508548
AT1G16880	-0.152474523	-0.136964539	-0.123209434	-0.115666766	-0.112483016	-0.109390665	-0.103486053	-0.09835272	-0.092230585	-0.089232163	-0.094218579	-0.09060966	-0.091097385	-0.088741655	-0.090683676	-0.082501361	-0.080127088	-0.078486616	-0.075864269	-0.085686867	-0.088817649	-0.08308507	-0.076085111	-0.080704635	-0.079550485	-0.074020341	-0.077461767	-0.070898953	-0.077658994	-0.070836731	-0.069544809	-0.064728393
AT1G17850	-0.007162783	-0.008311027	-0.009804201	-0.00826175	-0.006853843	-0.017285273	-0.025618803	-0.020977784	-0.025648805	-0.03842533	-0.042442831	-0.049143374	-0.060702111	-0.045498157	-0.063565858	-0.062287465	-0.047487039	-0.036331842	-0.066802281	-0.058904257	-0.043499696	-0.052804146	-0.048609668	-0.040970067	-0.033193565	-0.023615524	-0.021992146	-0.021316141	-0.01899457	-0.017740525	-0.01390196	-0.011405272
AT1G18730	0.030449688	0.027692186	0.024809406	0.018425208	0.007043322	-0.007204053	-0.006289921	-0.004464613	3.12E-4	-0.001324285	-0.011628615	0.001422631	7.76E-5	0.017642923	0.001998415	0.019808069	0.009770836	0.022848685	0.00723811	0.021260079	0.02658925	0.011787135	0.025124022	0.021834057	0.027448103	0.014735843	0.018065416	0.027467398	0.020991268	0.037072823	0.042273859	0.045022399
AT1G20810	0.003772892	0.008927023	0.009731768	0.010750567	0.009022181	0.010727462	0.019169614	0.016818881	0.021524374	0.018158075	0.011981596	0.013275346	0.023111306	0.024708075	0.005822414	0.005162508	0.012880363	0.014357531	0.015969484	0.017381267	0.011497108	0.01110451	0.016560884	0.015149547	0.01703449	0.017526722	0.019622906	0.020039076	0.019693379	0.02501308	0.027094045	0.018574649
AT1G21750	-0.002116384	0.002101748	-0.004340882	0.003381176	0.005868984	0.005608413	0.015621456	0.022492843	0.023546412	0.03414227	0.027077869	0.037903774	0.038174885	0.036362088	0.038282953	0.035301188	0.030255115	0.0357255	0.025183989	0.024916662	0.028527046	0.030467865	0.018908067	0.023352553	0.020309142	0.014915866	0.012061754	0.010970578	0.00762547	0.008130839	0.011861597	0.010128554
AT1G22450	-0.086109538	-0.062906848	-0.063783031	-0.079494503	-0.089650326	-0.062517165	-0.116977821	-0.122488828	-0.173667411	-0.142912381	-0.174675385	-0.124317625	-0.147862312	-0.183534479	-0.180173543	-0.153207588	-0.182623953	-0.188395631	-0.18289842	-0.125918051	-0.163695986	-0.158951174	-0.160299402	-0.105408361	-0.096631777	-0.069833042	-0.065969641	-0.043928398	-0.067512571	-0.039213215	-0.016459214	-0.054181873
AT1G23740	-4.87E-4	0.002966875	0.002988294	0.001845409	0.001769018	0.007139655	0.00606698	0.004461295	0.006189352	0.007637682	0.006970687	0.004659608	0.003470135	0.011149682	0.004205818	0.009195613	0.003676421	0.013142245	0.011510403	0.007085412	0.009318282	0.009103369	0.004851713	0.006252102	0.006669149	0.004713346	0.00463514	0.003718879	0.003986814	0.003395768	0.005804569	-7.49E-4
AT1G27510	0.031840186	0.033432555	0.036045581	0.027736333	0.022105144	0.018296941	0.01287762	-9.42E-4	-0.018923842	-0.034791195	-0.048046797	-0.043961287	-0.035450622	-0.057219576	-0.049839864	-0.031353037	-0.033337262	-0.024433009	-0.044169284	-0.009200906	-0.024219877	-0.026611738	-0.009910383	-0.001674868	0.013750479	0.013644681	0.016682337	0.027782904	0.031508789	0.033530704	0.032069493	0.031249355
AT1G29920	-0.016199886	-0.011648416	-0.004912767	-0.003689146	-0.003238431	-0.009860164	-0.005033897	-0.010225314	-0.001940918	-0.00931205	-0.02165606	-0.023226647	-0.024650415	-0.02229284	-0.02181097	-0.019084862	-0.024659177	-0.042014613	-0.016897006	-0.02420482	-0.019178988	-0.030774893	-0.019256678	-0.017912236	-0.020131595	-0.003056655	-0.00923155	-0.004551062	-0.011792128	-0.010976943	-0.005071993	-0.010115025
AT1G30510	-0.001679171	-0.003286287	-0.003463795	-7.48E-4	-0.002485909	-0.002512665	0.004990547	0.013885626	0.002437445	0.00195478	0.001676034	-0.004315908	0.011432827	0.015963502	0.007617499	0.009755698	0.005824448	0.010264585	0.0127123	0.002067301	0.004941029	0.017254672	0.011367252	0.008088215	0.010704917	0.003408321	0.001753237	0.001315321	0.003304321	0.001869863	0.003779355	0.004834028
AT1G31180	0.005734209	0.009037081	0.020070674	0.018965743	0.020314871	0.019178123	0.021528467	0.022287898	0.009477944	0.020127227	0.017529147	0.015720075	0.021375662	0.012133868	0.015436876	0.017675634	0.005594905	-0.001228974	-0.00309705	0.008336459	0.006283431	-0.007467378	-0.001139207	-0.001860632	-0.002413533	0.007534266	0.008427141	0.01303673	0.011623457	0.011641148	0.011015318	0.002922426
AT1G32500	-0.206105901	-0.24102334	-0.280377488	-0.314432888	-0.339959353	-0.349692564	-0.393969724	-0.395494517	-0.42217061	-0.423946492	-0.450202427	-0.454511542	-0.462988751	-0.460090679	-0.481488349	-0.485121569	-0.480815588	-0.493289273	-0.470813061	-0.486626658	-0.487390952	-0.482836942	-0.471558109	-0.459361098	-0.449723202	-0.445704775	-0.429707261	-0.420977587	-0.411961562	-0.37416889	-0.326295969	-0.256498944
AT1G42960	0.031384773	0.036440966	0.034608309	0.037128604	0.039508392	0.035960633	0.018601888	-0.001188065	0.005944143	-0.006887933	-0.020610827	-0.050130285	-0.049222469	-0.039260877	-0.052793774	-0.041515092	-0.033307601	-0.052694188	-0.017339454	-0.034986169	-0.048448298	-0.020484881	-0.008114273	5.99E-4	-0.007785403	0.011451982	0.007339836	-0.00198625	-0.003743618	-0.005362257	-0.011104737	-0.00836487
AT1G44575	-0.027952447	-0.032252623	-0.030967165	-0.032867889	-0.034531324	-0.039954137	-0.041848251	-0.045950371	-0.052800717	-0.056184083	-0.060465679	-0.069348988	-0.069995874	-0.076979045	-0.069130277	-0.079197018	-0.074041198	-0.084950597	-0.080846655	-0.072385289	-0.068433539	-0.08487764	-0.078326747	-0.077007207	-0.075277917	-0.073535211	-0.071813656	-0.065025493	-0.062609383	-0.055406635	-0.048166807	-0.041754499
AT1G50250	-0.002847902	-0.006099203	9.0E-4	-0.003316776	-0.00488692	-6.16E-4	-0.005027758	-0.001244362	-0.002249429	-0.001691418	-0.002232829	1.48E-5	-0.007043549	-0.005226102	-0.006266756	-0.010197613	-0.015579027	-0.009195203	-0.01242876	-0.006972713	-0.014273813	-0.008352148	-0.005395475	-0.002491267	-6.72E-4	-0.004620745	-0.003759684	-0.006733154	-0.002915482	-0.00107691	-0.001074745	0.003093096
AT1G50450	0.018628284	0.027724251	0.024477084	0.026183955	0.025242072	0.019501412	0.040374015	0.047918413	0.032233159	0.021263992	0.035392412	0.048304062	0.034678284	0.037312261	0.033976417	0.019850341	0.020019457	-0.00376207	0.025199703	0.010724983	0.046898404	0.015861523	0.032127887	0.02170984	0.027435722	0.021825752	0.021855899	0.020215952	0.027877491	0.023318463	0.022576985	0.017958199
AT1G50460	0.005039339	0.003822982	0.003899299	0.009482027	0.01968016	0.014902777	0.022465316	0.023887319	0.01037717	0.010839816	0.005423907	-0.002732833	-0.00505684	-0.022001131	0.005611588	-0.010244198	0.010051511	0.003085175	0.009877605	-0.010781334	-8.11E-4	0.009302368	0.008771198	0.014591008	0.018276557	0.010122311	0.006902978	0.002371045	0.00117273	0.001584083	-0.001931926	-0.004294428
AT1G51350	-0.023458503	-0.018981565	-0.021649997	-0.024153173	-0.021235489	-0.023922452	-0.026694296	-0.028831707	-0.040605826	-0.037261804	-0.050001128	-0.047165482	-0.046378897	-0.040118088	-0.05913012	-0.041995291	-0.037237301	-0.045249538	-0.041048956	-0.041074216	-0.045901736	-0.034701268	-0.035394682	-0.029809942	-0.02430874	-0.019569348	-0.021276735	-0.020879717	-0.0245505	-0.022482753	-0.023740965	-0.020660455
AT1G52220	-0.020344925	-0.030626864	-0.039796482	-0.034636496	-0.033120344	-0.026812804	-0.014723754	-0.010642717	-0.018499433	-0.024239858	-0.017558998	-0.029453528	-0.016812007	-0.002144606	-0.014111783	-0.016731982	-0.004885952	-0.014204021	-0.01355424	0.007199219	9.15E-4	-0.011465341	-0.013425907	-0.015434944	-0.017216636	-0.024063254	-0.030478082	-0.037992209	-0.041991768	-0.047700247	-0.042409896	-0.030605808
AT1G54050	-0.005399255	-0.008290065	-0.011504798	-0.010038684	-0.012570507	-0.001278389	-0.009737053	-0.009241936	0.001398951	0.001664184	-0.00338263	0.004506349	0.001165521	0.01106536	0.005800083	0.006501334	0.0087187	0.008204471	0.015624548	0.008430718	0.00824484	0.008963959	0.008427725	0.004700965	0.004675249	0.009321022	0.002861794	-0.006675433	-0.009860102	-0.014594239	-0.021542302	-0.014340219
AT1G54500	-0.00199729	-0.003756175	-0.002407419	-0.008658301	-0.015275825	-0.011162488	-0.014974819	-0.005086264	1.76E-4	-0.00129376	0.017226456	0.018568605	0.023674603	0.012022833	0.012009306	0.011806464	0.01048211	0.001788542	-5.43E-4	-0.001032118	-0.009595426	-0.010862858	-0.020655844	-0.025638218	-0.027828137	-0.028954842	-0.027888997	-0.030049872	-0.021689089	-0.018586208	-0.015148372	-0.012587575
AT1G54580	-0.010070297	-0.003523428	-0.002735189	-0.003856231	-0.013032078	-0.016302618	-0.026016538	-0.042542866	-0.049629654	-0.051523667	-0.055199494	-0.063254898	-0.063999781	-0.062319544	-0.057894666	-0.057777223	-0.061914327	-0.051731207	-0.045057274	-0.0427906	-0.045873784	-0.05162185	-0.032670423	-0.021287423	-0.01590119	-0.00480788	0.004636249	0.010161956	0.007250105	0.009848404	0.012793813	8.74E-4
AT1G54780	-0.029798631	-0.025800624	-0.027676162	-0.015722587	-0.017324063	0.001001764	-8.78E-4	0.004971924	-7.16E-4	0.005947479	0.020672062	0.0433779	0.042248516	0.022845094	0.03089393	0.016738108	0.035255177	0.003402044	0.022476432	0.017083798	0.015353443	0.016426941	0.026312594	0.024471309	0.020896124	0.01116504	-0.002291236	-0.021391737	-0.022675446	-0.025028992	-0.030330332	-0.02787494
AT1G54790	-0.003931542	-0.001186161	8.63E-4	3.22E-4	0.007016237	0.02087732	0.021830745	0.021042376	0.033435676	0.026817595	0.031497531	0.02871575	0.033308397	0.033131176	0.033487692	0.03443781	0.029773419	0.04490619	0.030611243	0.033191685	0.024870362	0.030551974	0.026683072	0.023062421	0.026414544	0.035732992	0.023833943	0.02398734	0.016948163	0.011129465	0.007360362	0.005444926
AT1G55370	0.01649296	0.014967369	0.001227954	-0.009424158	-0.001048247	-0.007763842	-0.004684894	-0.009893116	-0.03589942	-0.051956157	-0.035821492	-0.03716689	-0.039023371	-0.022209613	-0.001152647	-0.006820946	-0.007737209	-0.026708832	0.003755138	3.03E-4	0.025967978	0.019157106	0.024975022	0.023268263	0.027607628	0.019490555	0.015446698	-0.008120578	-6.18E-4	0.007144285	0.015225902	0.041526618
AT1G56500	-0.046019702	-0.051115448	-0.056797298	-0.059125528	-0.060019354	-0.05797127	-0.057471133	-0.055731464	-0.058058175	-0.056250284	-0.055021239	-0.056608744	-0.059281896	-0.053412874	-0.055542402	-0.046128403	-0.04122511	-0.046490324	-0.049961533	-0.051097775	-0.052770615	-0.060247642	-0.061788661	-0.061636405	-0.067323322	-0.074278091	-0.083786909	-0.090788612	-0.090492345	-0.084731534	-0.075383431	-0.066667139
AT1G65230	-0.007855801	-0.003724883	-0.009046427	-0.032144469	-0.058018093	-0.079061482	-0.098606355	-0.100801376	-0.117345099	-0.1260345	-0.134709885	-0.134870467	-0.151278732	-0.165729609	-0.173060116	-0.172609067	-0.182228478	-0.206440313	-0.21374536	-0.214616145	-0.238838185	-0.222790306	-0.236571663	-0.232119027	-0.233422282	-0.224642914	-0.205839004	-0.198416697	-0.183614608	-0.155663027	-0.123418467	-0.089969713
AT1G65260	0.022370342	0.036303993	0.030773189	0.034236436	0.049069917	0.054552969	0.065895099	0.055706857	0.058298839	0.071208643	0.060685269	0.067322042	0.094746997	0.076870595	0.090819443	0.078144783	0.101394603	0.094872919	0.104217229	0.10382645	0.082558909	0.068179499	0.095231024	0.090894169	0.052146666	0.074466526	0.073635348	0.039342506	0.046900818	0.04338694	0.038483367	0.025501679
AT1G66670	-0.004817954	-0.00468659	-0.005513658	-0.002634241	-0.001146181	-0.001390652	-0.004976217	-0.002511895	-2.97E-4	-0.001191997	0.006282792	0.003030427	0.002045026	-0.004087796	0.002380062	0.001557313	-0.004566746	-0.016321363	-0.006027417	-0.01217276	-0.005954618	-0.010465644	-0.014868129	-0.010408649	-0.007793211	-0.008016503	-0.00941622	-0.008912594	-0.006799336	-0.007563813	-0.010382867	-0.01402625
AT1G67280	0.003422941	3.78E-4	0.002497648	0.004222666	0.005999673	0.008305791	0.007241414	0.008551261	0.012977025	0.008924999	0.01576665	0.019310301	0.019692326	0.010372595	0.017668351	0.014671914	0.022754979	0.015467996	0.006725866	0.017612678	0.011957285	0.009955151	0.012123007	0.015951053	0.010293853	0.006386444	0.001506047	-0.00671002	-0.009085975	-0.014778984	-0.015824647	-0.013902681
AT1G67700	-0.029847494	-0.034339185	-0.039154138	-0.051267581	-0.058653569	-0.059165399	-0.059266939	-0.058884357	-0.060942343	-0.059920465	-0.056966519	-0.069787282	-0.064472959	-0.065784537	-0.067502435	-0.059265956	-0.052909818	-0.053169009	-0.049768276	-0.042086289	-0.047632581	-0.039442302	-0.035153882	-0.026796543	-0.032540322	-0.029646076	-0.032444043	-0.040641129	-0.043213423	-0.048211557	-0.046396376	-0.043745234
AT1G67840	-0.00330978	-0.013499773	-0.006808923	0.012305284	0.015804978	0.047169559	0.050976135	0.029263846	0.056463355	0.045451625	0.079811952	0.052339578	0.092112446	0.076692979	0.074074923	0.071092063	0.080924282	0.073985736	0.085511196	0.089557764	0.077733485	0.095147824	0.084761852	0.091562085	0.068949449	0.041466955	0.052236818	0.004013846	0.020377477	-0.006150709	-0.001718278	-0.008918662
AT1G71500	-0.034989715	-0.030113225	-0.030848959	-0.0340157	-0.034312618	-0.031911589	-0.027344628	-0.02115287	-0.01278156	-0.015834012	-0.014856656	-0.020204188	-0.03842021	-0.048775038	-0.057293156	-0.051100206	-0.075904753	-0.081939851	-0.094544191	-0.11307538	-0.111056033	-0.125907003	-0.14937172	-0.15827772	-0.182635414	-0.201929349	-0.203774817	-0.206777859	-0.194100694	-0.172415921	-0.140985211	-0.128093665
AT1G72640	9.48E-4	0.001474502	0.001015068	-0.004080963	-0.003735687	4.63E-4	-0.006612712	-0.008623921	-0.005011644	-0.003542771	-0.008999176	-0.008410751	-0.01333585	-0.006924323	-0.014557377	-0.016855797	-0.008089428	-0.015412837	-0.004911571	-0.021481414	-0.012023893	-0.011566486	-0.018395887	-0.012750505	-0.010593894	-0.008633126	-0.004044819	-0.005747596	-0.003069263	-0.001760156	-0.003820131	-0.002034902
AT1G73530	-0.827167487	-0.904997782	-1.003975434	-1.112082289	-1.205043541	-1.256439649	-1.301280692	-1.317518097	-1.324426666	-1.326856662	-1.315712414	-1.339168486	-1.309343049	-1.315224688	-1.316998374	-1.308627542	-1.252924181	-1.288815992	-1.247741067	-1.271109567	-1.257713176	-1.260974457	-1.238150966	-1.282020132	-1.240135189	-1.215511296	-1.18565463	-1.158204324	-1.089119982	-1.009727742	-0.912884743	-0.810636861
AT1G74070	0.00677098	0.014986222	0.017613358	0.018770896	0.015994951	0.019329002	0.023311369	0.005567577	0.014920383	0.021475051	0.026241713	0.038862455	0.015917943	0.035077934	0.043761825	0.026232112	0.032013217	0.03691015	0.04656411	0.024489708	0.036635535	0.044871938	0.037830757	0.035195501	0.029280828	0.028543638	0.031449046	0.021091757	0.02264733	0.020974389	0.022925435	0.018979483
AT1G74710	-0.009706941	-0.016435884	-0.018443526	-0.022911036	-0.022034424	-0.015684688	-0.024732964	-0.015213299	-0.017718289	-0.016950425	-0.016124188	-0.023278013	-0.02561788	-2.57E-4	-0.019303941	-0.0097836	-0.003338322	-0.012706612	-0.009547585	-0.012544406	-0.002286293	-0.005505253	-0.013438657	-0.010384319	-0.009182165	-0.006483807	-0.015940449	-0.019640521	-0.023437707	-0.021268837	-0.030080677	-0.02490744
AT1G74880	0.019910411	0.016363717	0.019320591	0.023883753	0.031183321	0.034361704	0.047089496	0.047256877	0.046858384	0.060454319	0.063237047	0.05745172	0.06798057	0.07027518	0.068624638	0.07222529	0.075103591	0.082376089	0.080706933	0.067919906	0.073438777	0.064674292	0.080041615	0.060142284	0.057819716	0.044713182	0.042241521	0.020585536	0.021606917	0.019522625	0.027066768	0.031115605
AT1G75690	-0.024135833	-0.012558122	-0.011742706	-0.015547996	-0.016980473	-0.017061439	-0.021942463	-0.017465595	-0.023616073	-0.020506307	-0.030023672	-0.032788257	-0.035516669	-0.031151626	-0.038062788	-0.029380487	-0.037046893	-0.039771442	-0.043313999	-0.039561005	-0.042985357	-0.039557597	-0.042730221	-0.044966327	-0.050617779	-0.053114582	-0.055730919	-0.058660799	-0.053052853	-0.048736041	-0.03809985	-0.041173052
AT1G76760	0.002109415	0.006769562	0.007708671	0.005457993	0.006575321	0.011990967	0.003922733	0.006699399	-0.005097617	0.010858328	-0.002735581	0.004338081	-0.006771982	-0.011514922	0.004975305	-0.003719029	-0.00190327	-0.006513158	-0.001398562	-0.013674039	-0.004027197	-0.010692826	0.00598071	9.4E-4	0.003840907	0.002579872	0.006107029	0.001896325	0.006498924	0.00767797	0.007890461	3.59E-4
AT1G78915	0.032768533	0.027222917	0.02354646	0.012416369	0.031720847	0.030126494	0.034714628	0.03354241	0.030066028	0.04807247	0.024781819	0.02603986	0.028877813	0.033536875	0.032898468	0.030905515	0.026809893	0.029238082	0.027540192	0.030832087	0.04066446	0.036317075	0.027081864	0.029091217	0.021027287	0.024939002	0.021622767	0.019183786	0.022518905	0.01360064	0.019881105	0.028335959
AT1G79040	-0.057002419	-0.090412204	-0.131789938	-0.175704429	-0.208148625	-0.226961466	-0.231379703	-0.231220965	-0.233794258	-0.236524471	-0.242434174	-0.239731437	-0.259816656	-0.267545166	-0.255447429	-0.269284097	-0.279003154	-0.288815793	-0.292316392	-0.294229522	-0.301720171	-0.309664737	-0.306070272	-0.30579278	-0.305050428	-0.289079242	-0.272912965	-0.25020534	-0.220883878	-0.165833979	-0.112270164	-0.068743094
AT1G79230	-0.005184751	-0.007249576	-0.006499714	-0.003910139	-0.006590178	-4.19E-4	-1.14E-4	0.00150066	0.011533954	0.007949643	0.002160372	0.013391416	0.004650986	-7.17E-4	0.004001333	0.012207561	0.006082627	0.005322265	0.008008308	0.014062031	0.013137957	0.013419451	0.018918232	0.01083575	0.012686632	0.008466557	0.002642423	0.001392899	-1.2E-4	9.89E-4	0.001515328	0.007189046
AT1G79450	0.010482158	0.009135518	0.008293274	0.010908026	0.011756013	0.010217345	0.016227415	0.010556003	0.006102683	0.017243397	0.010015979	0.015059813	0.021152851	0.011471329	0.01196259	0.014531514	0.007975466	0.022695135	0.018717255	0.00510008	0.01511611	0.017407345	0.011192837	-0.003221114	0.001706808	1.38E-4	-4.04E-4	0.005306065	8.48E-5	0.003716994	0.002528658	0.011579634
AT1G80030	-0.012866526	-0.012925253	-0.016957172	-0.01419091	-0.015856207	-0.017820699	-0.026119915	-0.032813194	-0.039323744	-0.0567175	-0.055609481	-0.060772959	-0.055291907	-0.062745451	-0.056673502	-0.055747977	-0.049585276	-0.05542265	-0.056191108	-0.052752058	-0.062977563	-0.044034727	-0.049859462	-0.039075302	-0.034744144	-0.034496361	-0.031384718	-0.033660762	-0.029588055	-0.031817212	-0.026016589	-0.020794735
AT2G01140	0.042703727	0.038628411	0.029311824	0.038878777	0.029842006	0.034954341	0.045380705	0.063472643	0.036647393	0.065642279	0.070763255	0.071474191	0.066632623	0.074338165	0.073609781	0.057755645	0.078563735	0.054666472	0.066322708	0.059982458	0.051002311	0.06265693	0.066957759	0.050152937	0.049294311	0.042631574	0.032438449	0.018249158	0.033044777	0.028671855	0.021444868	0.01769362
AT2G01918	0.017191091	0.019885425	0.008318786	-0.003621857	-0.007501787	-0.007210481	-0.013897707	-0.015149651	-0.021836975	-0.024363401	-0.020401883	-0.019476128	-0.020195397	-0.012766989	-0.00646639	-0.010316324	-0.004322706	0.004525646	0.00656621	0.015845773	0.012747639	0.013249226	0.019053822	0.014074221	0.013642866	0.013793194	0.007211734	-0.003408562	-0.005834976	0.008211946	0.021795528	0.032435432
AT2G17630	-0.008911001	-0.010391496	-0.009843095	-0.016387146	-0.019933878	-0.02541802	-0.028152108	-0.031327229	-0.044991121	-0.058778977	-0.055943679	-0.069829536	-0.054137561	-0.060401435	-0.071703257	-0.068742941	-0.063841687	-0.079312839	-0.073187758	-0.082916331	-0.075910777	-0.089469184	-0.058671255	-0.086898222	-0.050199971	-0.040553499	-0.034856742	-0.021821391	-0.025222975	-0.027564055	-0.018755743	-0.017308254
AT2G18790	-0.039160846	-0.053614914	-0.06008291	-0.07159774	-0.102921361	-0.129566263	-0.1719563	-0.198901839	-0.218318627	-0.230274147	-0.242427287	-0.259071977	-0.260693951	-0.263112393	-0.268054641	-0.270350424	-0.265583795	-0.288205559	-0.272378543	-0.291134686	-0.287889935	-0.282163811	-0.27196955	-0.284121376	-0.246842026	-0.221590968	-0.194451809	-0.171536564	-0.146451942	-0.121090416	-0.107292568	-0.083893724
AT2G20260	-0.031331631	-0.031012934	-0.029375085	-0.033949834	-0.033015156	-0.031775652	-0.03687766	-0.058573952	-0.066065235	-0.077071645	-0.081130225	-0.097291341	-0.087093743	-0.074740665	-0.079830199	-0.085259974	-0.07051896	-0.062377195	-0.060143419	-0.056947683	-0.076883757	-0.057465372	-0.051131578	-0.068308287	-0.02584867	-0.028523187	-0.03560566	-0.034563438	-0.047877583	-0.05917231	-0.050873246	-0.040349313
AT2G20270	-0.00391665	-0.001775415	-0.002080816	-0.006355518	-0.004253598	-0.011398209	-0.011204091	-0.008321057	-0.01628839	-0.020992504	-0.022410616	-0.022560251	-0.007397476	-0.015239232	-0.008805339	-0.009222204	-0.003052727	-0.011315188	-0.012563653	-0.015885705	0.005640901	0.001931668	0.011641351	-0.003993822	-0.001459358	-0.005442381	-0.008847978	0.002258207	0.004374324	0.00206606	-4.47E-5	-7.42E-5
AT2G21160	0.02652123	0.018618742	0.022276702	0.01805314	0.024559584	0.030058665	0.037948319	0.023257929	0.027944774	0.024255924	0.021261587	0.01963459	0.008622288	0.025331368	0.015570946	0.012274334	0.022024233	0.014134195	0.022655856	0.009625667	0.006417715	0.026291842	0.013255885	0.013273299	0.014825752	0.013548158	0.013276974	0.01345462	0.010573486	0.010418209	0.004855887	0.013695669
AT2G21530	0.007668218	0.009527148	0.011051252	0.022875574	0.021770894	0.029149735	0.03079841	0.042650277	0.049853917	0.059205912	0.049163561	0.070106147	0.073164319	0.058860965	0.057998353	0.072001523	0.063827772	0.077533337	0.069699393	0.065296511	0.056754989	0.062059619	0.058092176	0.052619838	0.046877311	0.041685927	0.034609876	0.029395036	0.024908139	0.023874002	0.017459156	0.011892686
AT2G22360	-0.016282314	-0.018971812	-0.014167122	-0.026649082	-0.025852241	-0.034456608	-0.046062889	-0.050157055	-0.059242814	-0.059561944	-0.063300722	-0.069636833	-0.075285414	-0.078833707	-0.07011715	-0.075102354	-0.081728956	-0.07330731	-0.078564825	-0.067572192	-0.081658444	-0.073355122	-0.062519779	-0.059534842	-0.045640583	-0.041241119	-0.032121261	-0.030463032	-0.028170736	-0.024799896	-0.023946276	-0.017810236
AT2G24020	-0.00431671	-2.81E-4	2.66E-4	0.001953837	0.002726747	0.002122702	-0.001290962	0.001329417	-0.001927019	5.22E-4	-0.012018234	-0.020810558	-0.013800501	-0.008992471	-0.022406146	-0.020946006	-0.020417442	-0.014258275	-0.022924548	-0.015542203	-0.015739917	-0.020267387	-0.022140232	-0.009784638	-0.005491785	-0.006328362	9.11E-4	-0.001015074	-0.001592467	0.002604623	0.005630627	0.003037237
AT2G26340	-0.012541986	-0.009205367	-0.0077617	-0.009556244	-0.010747149	-0.015183951	-0.009120391	-0.0101298	-0.014760387	-0.016234352	-0.017773803	-0.02044344	-0.023642085	-0.02083869	-0.030990286	-0.027820918	-0.021124057	-0.02698397	-0.032868098	-0.024213296	-0.030816528	-0.033620552	-0.037650566	-0.03680789	-0.037766672	-0.039581325	-0.036549881	-0.034638863	-0.032621113	-0.018626303	-0.011943535	-0.013271217
AT2G26360	-0.285308212	-0.333180457	-0.365079357	-0.412169373	-0.503104748	-0.589278066	-0.641116685	-0.821043882	-0.792061138	-0.823995325	-0.781694014	-0.800459545	-0.820054401	-0.807241204	-0.750706911	-0.79705135	-0.789766881	-0.80949865	-0.762496349	-0.748676604	-0.779724918	-0.819586457	-0.722871335	-0.713329437	-0.723098554	-0.638017768	-0.621723429	-0.595006668	-0.607080183	-0.587450213	-0.562269978	-0.494405795
AT2G26550	-0.123935103	-0.120936518	-0.129008996	-0.15551043	-0.187228117	-0.234018737	-0.29225511	-0.356979459	-0.436796087	-0.530346355	-0.594559416	-0.707320593	-0.727019812	-0.708776408	-0.726398762	-0.694349691	-0.68228168	-0.631080894	-0.610254338	-0.579009448	-0.570158705	-0.560131742	-0.535510523	-0.595154505	-0.503368382	-0.482512761	-0.454339357	-0.41655143	-0.379475641	-0.337303347	-0.30731145	-0.278198483
AT2G27290	-0.020753051	-0.016094372	-0.014709538	-0.018895409	-0.022799758	-0.017558742	-0.032807551	-0.015841324	-0.028391839	-0.025509553	-0.026877667	-0.038928706	-0.038224347	-0.039379951	-0.036943448	-0.03073019	-0.024927984	-0.036429947	-0.033506958	-0.031744153	-0.037890938	-0.033063849	-0.016814143	-0.021700009	-0.028600803	-0.017601369	-0.021968972	-0.024747098	-0.01835917	-0.027938348	-0.031559548	-0.019915684
AT2G29180	-0.068368878	-0.077153397	-0.082654434	-0.086771074	-0.089002031	-0.098946707	-0.105418714	-0.115715723	-0.123814346	-0.132753294	-0.120740984	-0.127583835	-0.129310129	-0.133067221	-0.134585004	-0.130339472	-0.121267525	-0.127718207	-0.121062053	-0.127132681	-0.123626072	-0.121844619	-0.126342684	-0.121706081	-0.132397681	-0.136995423	-0.14524099	-0.154983917	-0.164031535	-0.166883027	-0.165660691	-0.147412233
AT2G29500	0.007640032	0.012248548	0.014089296	0.003833228	0.002117378	-0.014349268	-0.018489377	-0.039083375	-0.03824006	-0.067444198	-0.066135638	-0.055377383	-0.056379864	-0.060007348	-0.055985482	-0.055429187	-0.062119666	-0.036048003	-0.083082552	-0.065383789	-0.088619273	-0.063794657	-0.045624111	NaN	-0.037555336	-0.023459133	-0.020209874	-0.007630546	-0.01312232	-0.01747151	0.005410368	-0.002807363
AT2G30695	-0.020801189	-0.012502235	-0.01575451	-0.020610652	-0.03777442	-0.053828691	-0.081680001	-0.104340975	-0.128130604	-0.144185668	-0.1601557	-0.169942003	-0.167256524	-0.165116191	-0.154397893	-0.150307557	-0.146142557	-0.152093488	-0.136753982	-0.140898497	-0.135835413	-0.120354018	-0.107783802	-0.083342708	-0.065613783	-0.040750636	-0.018681739	-0.011458415	-0.004555397	0.003217153	0.002983879	0.002226892
AT2G30950	-0.016995262	-0.018181442	-0.015576438	-0.012815693	-0.01718759	-0.016036171	-0.026872113	-0.032771523	-0.035269005	-0.035458298	-0.041955845	-0.04812203	-0.041687816	-0.035138782	-0.041990207	-0.040902081	-0.048809148	-0.039252867	-0.026282095	-0.027924629	-0.028393263	-0.026323271	-0.025090311	-0.020094677	-0.019093576	-0.012488182	-0.009804601	-0.015140472	-0.014489809	-0.012531397	-0.010767292	-0.014718662
AT2G35040	-0.046172967	-0.049465012	-0.058620566	-0.066208275	-0.060525832	-0.061298157	-0.090058209	-0.087433677	-0.083567027	-0.078338704	-0.110334923	-0.137467695	-0.1124476	-0.099164275	-0.114544488	-0.09804116	-0.111386993	-0.114793065	-0.125061424	-0.119086278	-0.088451912	-0.094238125	-0.108027955	-0.015527186	-0.085407276	-0.059604907	-0.063686283	-0.050533057	-0.060522985	-0.068620855	-0.05632447	-0.054313271
AT2G37230	-0.013053077	-0.013240633	-0.014992356	-0.008004905	-0.016194724	-8.31E-4	-0.011018423	-0.00807802	-0.001001447	-0.007686629	-0.010957363	-0.019108727	-0.019315062	-0.003658174	-0.001056795	0.00336496	-0.019872607	0.007934678	0.003245846	-0.01179873	0.006872563	2.95E-4	0.004240053	0.008875037	0.001917159	0.00595428	0.001194187	-0.002615414	-0.002427901	-0.006899818	4.7E-4	-0.008553466
AT2G37400	0.007586366	0.014536346	0.017358576	0.022260892	0.014372278	0.028259557	0.035682212	0.036618219	0.033167775	0.030793018	0.006950039	0.021211343	0.027547389	0.021634062	0.031169055	0.029657098	0.035749781	0.030749917	0.012866172	0.030979333	0.025778213	0.036846478	0.029384123	0.048624582	0.03245703	0.033819441	0.027538382	0.029466223	0.029714443	0.030164834	0.038375695	0.028099471
AT2G37660	0.006574645	0.009724655	0.011265812	-0.006173529	-0.006459107	-0.019682596	-0.030751134	-0.041343719	-0.030715518	-0.06164623	-0.065187464	-0.059843526	-0.044994233	-0.047598409	-0.054767247	-0.049174133	-0.054822625	-0.054879586	-0.057936304	-0.075943146	-0.043933867	-0.049941289	-0.041734547	-0.066882288	-0.033731233	-0.032176404	-0.023174365	-0.010235455	-0.006175468	-0.008317269	-0.002236122	-4.49E-5
AT2G40100	0.002816106	0.011650505	0.008478959	0.002715816	0.003474106	-0.002517238	-0.007942156	-0.033804015	-0.033776601	-0.05905091	-0.046118073	-0.055846362	-0.070320136	-0.041838666	-0.040007383	-0.06573228	-0.05505431	-0.036159739	-0.055902041	-0.040995867	-0.055021047	-0.036362534	-0.031497825	NaN	-0.00495199	-0.006637888	0.004696382	0.006952071	0.002160749	-0.003276248	0.005754572	0.00443865
AT2G40400	-0.008291978	-0.007416716	0.002043553	0.001415318	-0.001908996	-7.18E-4	6.43E-4	6.68E-4	0.006346581	0.001864584	-0.003705547	0.009640075	0.002136462	-0.001069412	0.002991616	0.001999267	0.002329608	0.008962588	-0.002928094	0.011488243	0.012975368	0.003220367	0.011570603	0.005032738	0.005037534	0.003309004	0.003627007	0.002646649	0.00369092	0.00274162	0.001457868	-2.77E-4
AT2G40760	0.002883409	0.003919642	0.002243962	5.36E-4	-2.47E-4	0.004646885	0.002188122	0.004619931	0.012330914	0.007357625	-0.002200812	0.008729763	-0.001180755	-0.013788895	-0.006100774	-0.00279141	-0.008049738	-0.003086636	-0.01727811	-0.007834529	-0.005880638	-0.008303578	-0.006433128	-0.012716174	-0.01116877	-0.014536651	-0.011532821	-0.012527968	-0.010267405	-0.008556894	-0.005913744	1.28E-4
AT2G41330	0.013342949	0.00989303	0.009521417	0.002054093	0.002829116	-0.00750931	-0.015332564	-0.01242958	-0.00598187	-0.025901213	-0.026259472	-0.022294731	0.00393729	0.025085074	-0.008218072	-0.019967853	-0.011672484	-0.019541278	-0.018388574	-0.015542874	-0.008770066	0.009544646	-0.005997655	0.001987048	7.93E-4	-0.008358906	-0.00543294	0.003385003	0.009208798	0.002896573	0.012788701	0.010423015
AT2G41680	-0.93363366	-0.85986924	-0.532479211	-0.499036471	-0.496447465	-0.405027596	-0.413677781	-0.40351825	-0.392437179	-0.410790552	-0.401150807	-0.419932147	-0.399275557	-0.424212053	-0.439014839	-0.412859497	-0.419754035	-0.429435628	-0.420596353	-0.415558796	-0.415363524	-0.423496754	-0.429176201	-0.420119374	-0.429666003	-0.431477588	-0.459344013	-0.487516745	-0.536659666	-0.6917205	-1.032781161	-0.675657561
AT2G42240	1.49E-4	0.002042667	0.004241736	0.007740194	0.007928257	0.012975709	0.010319987	0.009048579	0.008087493	0.007833497	0.006772457	-0.00431047	-0.004559274	0.006153148	-0.002486539	0.008021781	-0.003187929	-0.003966455	-0.003614984	-0.001091408	-0.009370712	-2.2E-4	-0.002956392	-0.002198133	1.58E-4	-0.002009502	0.001751429	9.95E-5	0.001090197	0.002079842	0.004173039	0.005591979
AT2G42975	-0.006290982	-0.007112292	-0.00801822	-0.003403576	-0.006600211	-0.005927888	-0.008751565	4.5E-4	-0.010256525	-0.020526145	-0.011521415	-0.01250857	-0.017768424	-0.023271971	-0.018226269	-0.029182727	-6.6E-4	-0.023962451	-0.016244332	-0.025845046	-0.021019926	-0.024059602	-0.028956247	-0.017687324	-0.015232436	-0.017657428	-0.013254521	-0.01064477	-0.005384875	-0.006815715	-0.003280796	-0.003038
AT2G43010	-0.004864987	-0.003107278	-0.003280499	0.007845205	0.003599422	0.003811543	0.002057689	-7.42E-4	-0.003349159	-0.008374575	-0.007071562	-0.010053721	-0.0066245	-0.014081752	-2.47E-4	-0.010657405	-0.011728549	-0.006813449	-0.004799998	0.013646121	4.17E-4	-0.001959567	-0.002660961	0.012402699	0.007349755	0.00908207	0.009134678	0.009963281	0.008240005	0.008450356	0.009079823	0.006484925
AT2G44990	3.2E-5	0.004904061	0.007223898	1.9E-4	-9.36E-4	-0.007941435	-0.009682715	-0.021872019	-0.032137981	-0.041704505	-0.049042247	-0.043515389	-0.055568953	-0.048339877	-0.052238823	-0.060067245	-0.047471348	-0.03869825	-0.037505477	-0.04672529	-0.056159343	-0.047617801	-0.041289807	-0.009561124	-0.011510244	-0.003558486	-3.84E-4	0.003850669	0.003520092	2.25E-4	0.008812794	0.001490274
AT3G01440	0.009025206	0.01607717	0.005404883	-0.01212964	-0.021858423	-0.030528144	-0.040816867	-0.04935648	-0.052242125	-0.055376011	-0.059520951	-0.065593475	-0.054373679	-0.058869216	-0.053226408	-0.042560573	-0.049347855	-0.035565088	-0.031101838	-0.029949539	-0.023539261	-0.026476819	-0.024787379	-0.016090088	-0.019032602	-0.019667565	-0.021540508	-0.031930898	-0.028465571	-0.009049596	0.001847126	0.016260159
AT3G01480	-0.532052706	-0.587563991	-0.663625075	-0.745151386	-0.788598451	-0.884148591	-0.996566137	-1.067352983	-1.217170143	-1.311622217	-1.28782645	-1.3967387	-1.475423089	-1.550743611	-1.5542995	-1.634065237	-1.641733444	-1.671305709	-1.719895084	-1.781262244	-1.884708929	-1.779556336	-1.996801253	-1.850113384	-1.894032111	-1.940160394	-1.933342118	-1.957290973	-1.833400673	-1.615657741	-1.584448045	-1.369643546
AT3G08920	-0.027448821	-0.036948466	-0.047670271	-0.066126376	-0.094552125	-0.113104238	-0.127991235	-0.145625891	-0.153143857	-0.156978367	-0.155680356	-0.154968723	-0.155416687	-0.154831711	-0.164663559	-0.155524615	-0.157639447	-0.156458565	-0.161913718	-0.15147767	-0.158798586	-0.142951396	-0.1426124	-0.136828044	-0.128570306	-0.122091071	-0.10737775	-0.093016427	-0.076070083	-0.065690836	-0.059630465	-0.053632445
AT3G10130	0.005052192	0.002749938	0.005179541	0.007150556	0.005829842	0.005419155	0.00348732	0.001921651	-1.71E-4	3.74E-4	-0.002593758	-0.005119168	-0.001574448	8.9E-4	-0.00338684	2.55E-4	-9.06E-4	8.89E-4	0.001481582	0.003909417	0.00271386	0.00850654	0.004900701	0.010968508	0.009062471	0.010445212	0.008672835	0.009074182	0.010473644	0.008378346	0.009768451	0.011022745
AT3G10470	-0.035239595	-0.020705911	-0.025586808	-0.024984906	-0.026847299	-0.026932361	-0.041710994	-0.039930199	-0.055001956	-0.065182741	-0.057699622	-0.082630698	-0.065223402	-0.07350023	-0.074877523	-0.068984438	-0.050634197	-0.048197178	-0.057490943	-0.043129362	-0.061454045	-0.047881606	-0.049498643	-0.03058091	-0.02784267	-0.023480409	-0.022752168	-0.028247138	-0.024816684	-0.026777243	-0.0275152	-0.026060575
AT3G15110	-0.004889595	-0.002259259	-0.009386574	-0.019746993	-0.036990628	-0.043584947	-0.053964253	-0.059564638	-0.073903255	-0.075043578	-0.074801819	-0.075402157	-0.068935638	-0.071867402	-0.077469285	-0.070357654	-0.064306594	-0.059727606	-0.064069749	-0.055828755	-0.061034889	-0.051499471	-0.045618942	-0.035124312	-0.029266357	-0.028480669	-0.02194024	-0.024112566	-0.015562268	-0.004460487	0.003957697	0.005720402
AT3G15360	-0.071365548	-0.026070917	-0.008818769	-0.01001411	-0.007136818	-0.017544212	-0.017244603	-0.01675245	-0.027945583	-0.0208123	-0.03851812	-0.037388913	-0.031720395	-0.037305119	-0.035516784	-0.03628628	-0.043829998	-0.045094163	-0.047757096	-0.054806913	-0.044331949	-0.047202284	-0.036722886	-0.034801081	-0.032275715	-0.033437914	-0.026496499	-0.026108258	-0.024964015	-0.018112367	-0.025153331	-0.032993609
AT3G15840	-0.236104008	-0.112292632	-0.066036693	-0.052815985	-0.045220951	-0.038616954	-0.03784564	-0.035944522	-0.044928615	-0.052773299	-0.053879646	-0.053706724	-0.051831883	-0.063537253	-0.063148199	-0.054681703	-0.045899134	-0.05399367	-0.054328148	-0.051943412	-0.051348548	-0.059441477	-0.039807503	-0.04131798	-0.042232401	-0.037792452	-0.028504374	-0.033622191	-0.030041052	-0.024488777	-0.046320055	-0.100988812
AT3G17830	-0.074615286	-0.171204166	-0.460046822	-0.662097675	-0.847984193	-0.948050907	-1.034640164	-1.091259713	-1.144910145	-1.20843809	-1.219027732	-1.262137196	-1.270435749	-1.327188294	-1.264915148	-1.30203731	-1.256361367	-1.25365408	-1.226804171	-1.175288039	-1.204326163	-1.219763095	-1.136145061	-1.153287967	-1.08408908	-1.023265233	-0.916777606	-0.81766757	-0.68776388	-0.494144541	-0.29957485	-0.213934649
AT3G19490	-0.247532053	-0.251038867	-0.261886419	-0.293410984	-0.338647905	-0.400085668	-0.466391634	-0.502350386	-0.544992895	-0.545493389	-0.561262671	-0.580743287	-0.565178939	-0.572282682	-0.58338936	-0.56720065	-0.603573767	-0.628604585	-0.598638539	-0.586426076	-0.60108795	-0.594652886	-0.571053394	-0.57017996	-0.556426852	-0.523607557	-0.501608064	-0.491099305	-0.462849699	-0.452349247	-0.422428314	-0.37773564
AT3G21055	-0.009300885	-0.009902311	-0.011325028	-0.014104718	-0.01691127	-0.021557968	-0.020628126	-0.026305966	-0.031059853	-0.030781911	-0.040687721	-0.040698763	-0.046394527	-0.051009947	-0.054039394	-0.058428146	-0.068655729	-0.069681098	-0.069347142	-0.07299533	-0.083821889	-0.084267854	-0.080774121	-0.089900347	-0.091388321	-0.094928043	-0.093640383	-0.085482086	-0.081855944	-0.06650136	-0.053613248	-0.034940538
AT3G22690	-0.002400533	-5.71E-4	-0.006283645	-0.00552989	-0.006957632	-0.012752211	-0.009180702	-0.014389225	-0.018048335	-0.016656457	-0.026665568	-0.02880883	-0.017592229	-0.028502016	-0.018935603	-0.018936455	-0.024570163	-0.016987564	-0.016330157	-0.022137339	-0.00771589	-0.010302447	-0.012899463	-0.004920935	-0.003866928	-0.002923714	9.29E-4	-0.004890774	-0.002439793	8.83E-4	-7.43E-4	-5.47E-5
AT3G24590	-0.007778913	-0.006170036	-0.010924332	-0.007540858	-0.015306434	-0.014223084	-0.027466815	-0.01276351	-0.027105628	-0.029889755	-0.034725909	-0.04181725	-0.043218894	-0.035555573	-0.032451768	-0.020751452	-0.035397951	-0.027253535	-0.028993549	-0.015471994	-0.025467937	-0.018661886	-0.016810928	-0.020865522	-0.015045437	-0.012145194	-0.005967252	-0.006993288	-6.35E-4	-6.56E-4	-0.001728692	-0.001557145
AT3G25480	-2.41E-4	0.003352438	0.001185196	-0.001626234	-0.018633069	-0.022192451	-0.030230678	-0.028527415	-0.040320538	-0.042743902	-0.05407802	-0.0385966	-0.052155259	-0.061223243	-0.058431114	-0.067169925	-0.068711317	-0.070363089	-0.069827027	-0.070918449	-0.077020937	-0.070095838	-0.071437058	-0.06952273	-0.063666719	-0.057170658	-0.052124542	-0.03904734	-0.029534391	-0.025111726	-0.013292357	-0.004045273
AT3G26080	0.004744104	0.00720079	0.006900579	0.008535563	0.010286923	0.006360209	0.013828227	0.019744697	0.020688089	0.016419566	0.015018521	5.45E-4	-0.01213543	0.008346625	0.015032615	0.011803162	0.015535563	0.009151431	0.006383202	0.015319255	0.016153151	0.011138929	0.020063496	0.017785393	0.013309371	0.019638267	0.006509149	0.007506849	0.009569178	0.005000561	0.00457845	0.007961761
AT3G26580	8.52E-4	-0.00110464	0.002260045	-5.73E-4	0.005754963	-0.001595534	0.005350141	-0.002981557	0.001644697	-0.001471309	6.81E-4	-0.010678063	-0.004395002	0.002417748	-0.00308069	-0.008199775	-0.001655075	-0.00394504	0.00549082	0.003857399	0.011980426	0.011330471	0.007307161	0.005463143	-0.00157112	-0.003274787	-0.005047745	-0.003746452	-0.006694901	-0.006410763	-0.006935612	-0.004750909
AT3G28850	-0.011624623	-0.009945168	-0.017963277	-0.017249445	-0.030617482	-0.030226756	-0.02299731	-0.026855254	-0.030704401	-0.034842709	-0.024484769	-0.027593093	-0.019417111	-0.031225067	-0.039336563	-0.024685627	-0.029014907	-0.036823423	-0.029251513	-0.041075246	-0.0417315	-0.02684946	-0.021741737	-0.031232357	-0.026531088	-0.034618042	-0.037049058	-0.03994541	-0.036474246	-0.035814141	-0.033792802	-0.0337946
AT3G46610	-0.342539605	-0.384514286	-0.448182851	-0.504780042	-0.557832091	-0.584048944	-0.600624808	-0.634381278	-0.644147028	-0.656656736	-0.66971942	-0.663864004	-0.654014078	-0.626716283	-0.649880566	-0.636372099	-0.630643074	-0.601606681	-0.611368703	-0.574373555	-0.581862919	-0.575946669	-0.564313307	-0.543130922	-0.529938919	-0.526445957	-0.496674118	-0.463169561	-0.427744855	-0.372428176	-0.306738758	-0.249062553
AT3G46780	-0.031813317	-0.031339721	-0.033137135	-0.031306646	-0.031585694	-0.018932212	-0.013796154	-0.008356723	-0.006947309	-0.002190198	-0.006433916	6.98E-4	0.003101902	-0.005931012	-0.008988986	-0.007573195	-0.008387782	-0.004390823	-0.007827325	-0.012257834	-0.03245467	-0.022245141	-0.022463735	-0.029077771	-0.020077714	-0.025644022	-0.028830495	-0.035337789	-0.032622382	-0.031066724	-0.022201924	-0.018850464
AT3G47060	0.008563695	0.008582721	0.008776847	0.010253353	0.01060791	0.014552499	0.010712371	0.013375177	0.013015585	0.012768059	0.013082023	0.013355747	0.009807711	0.004992716	0.010734755	0.012627522	0.019324325	0.012103782	0.017407147	0.009925034	0.012624935	0.01597147	0.017957503	0.016140563	0.015837764	0.014593708	0.011231926	0.010331541	0.009208856	0.007517798	0.005855795	0.006174529
AT3G47450	-0.64838052	-0.683635549	-0.730148398	-0.829281151	-0.943111416	-1.012361228	-1.085132143	-1.090761699	-1.115703875	-1.151965108	-1.153833697	-1.18051027	-1.125412586	-1.173188131	-1.203683246	-1.147370314	-1.119754821	-1.144385548	-1.145935782	-1.11214186	-1.084959631	-1.117718256	-1.118779076	-1.065893028	-1.051888331	-1.049863198	-1.010484702	-0.989313592	-0.96097603	-0.954845778	-0.950554333	-0.909584937
AT3G53560	-0.005388902	-0.004821047	-0.008390179	-0.007151387	-0.009463657	-0.00490615	-0.010589498	-0.003018258	-0.005594979	-0.013695611	-0.014151704	-0.01310578	-0.006805519	-0.012171299	-0.016120245	-0.015090566	-0.009194277	7.32E-4	-0.008731243	-0.003529162	-0.004975885	-0.002934091	-0.001426294	0.001287713	0.005706045	-9.82E-4	0.001300974	-8.24E-4	1.89E-4	0.00317852	0.004433784	0.001958599
AT3G55330	-0.011232128	-0.007696412	-0.009214549	-0.003476661	-0.001975088	-0.003398017	-0.003716898	0.002622629	-0.005244835	0.00581429	-0.019257905	-0.016085929	-0.006805266	-0.014026621	-0.036573351	-0.018612461	-0.013754866	-0.017409383	-0.018683791	9.12E-4	0.002792985	-0.01067658	-0.003017997	-0.018781135	-0.01446103	-0.004485435	-0.006818885	-0.010235768	-0.006655474	-0.006908469	-0.002816476	-0.007145679
AT3G56040	-0.046973144	-0.076131836	-0.110517005	-0.142464983	-0.162797488	-0.17276586	-0.181487355	-0.188339288	-0.189558659	-0.196426397	-0.206102545	-0.219093956	-0.230282721	-0.22878436	-0.244534158	-0.242832241	-0.260736147	-0.260388332	-0.269222911	-0.276578032	-0.273831695	-0.276706998	-0.277367619	-0.273232034	-0.276396942	-0.263569109	-0.23904515	-0.225300004	-0.190453965	-0.144033974	-0.100393705	-0.060276455
AT3G57680	-0.003939977	6.53E-4	-6.39E-4	-0.001828559	0.001706029	0.0030806	-0.001286189	-0.002398102	-0.005567563	-0.004814528	-0.004140632	-0.004325596	0.005993633	1.5E-4	9.43E-4	0.00761578	-0.002542499	0.011295979	0.005365469	0.016399878	0.007608449	1.63E-4	0.004710976	-8.45E-4	0.010523523	0.006638725	0.005372582	0.003135051	0.00809456	0.003009778	0.0055499	-3.24E-4
AT3G58010	-0.011481724	-0.006430482	-0.011837364	-0.006402186	-0.002160039	-0.003368628	0.00939229	0.016793088	0.016388408	0.016143061	0.024125937	0.021830225	0.033456164	0.029285631	0.021624101	0.024275704	0.021432498	0.025320966	0.02685185	0.005194774	0.015060846	0.026459565	0.010323533	0.016009512	0.019084591	0.002153239	0.003994406	-0.001738015	0.00183084	-0.003690564	-0.003601164	-0.001930863
AT3G60370	0.039093587	0.036414705	0.032773001	0.02831065	0.028691813	0.033983496	0.035281602	0.045402774	0.025082663	0.031173372	0.018256327	0.023411818	0.04522785	0.008845134	0.021752955	0.04012459	0.038987431	0.038814509	0.039283786	0.049782918	0.042184365	0.036137601	0.043364045	0.052209353	0.048066192	0.040814263	0.039811817	0.036925939	0.034308836	0.034592625	0.035243891	0.033227681
AT4G01050	0.002379605	0.006358615	0.008158495	0.011850517	0.011462501	0.009834981	0.00240904	0.01211435	0.010430113	0.00339492	0.009195054	0.005768429	0.006943182	0.005916597	0.009531214	0.005341827	0.019159176	0.010838143	0.007967153	0.005053164	0.011686028	0.009474792	0.003198266	0.003442112	0.005179587	0.009264642	0.007683994	0.005271339	0.005267727	0.007884061	0.010107092	0.004532195
AT4G01900	-0.00123802	8.05E-4	0.007948565	0.010463376	0.009407624	0.011348905	0.017921064	0.031602033	0.016718813	0.019902793	0.02336421	0.032326439	0.020560019	0.019724429	0.01701932	-0.011089307	0.019663619	0.020624567	0.003391895	0.031041336	0.014225941	0.019369783	0.005164862	0.012229108	0.017969099	0.007750455	0.00408725	0.003355808	0.005459297	0.001549519	0.006806722	0.001274478
AT4G04020	0.009752966	0.001380585	-0.001840965	0.003524044	0.008159948	-0.001274644	0.008763809	0.012795894	-0.007820674	0.004215889	0.019542472	0.021537822	-0.001752676	0.002078731	0.001147071	-0.010825138	-0.002739559	0.002650142	0.009326007	0.011100611	-0.015154964	-0.001383719	-0.014871697	-0.0149942	0.008032928	-0.006130065	-0.00636505	-0.006511709	-0.007489274	-0.009699882	0.002584773	-0.00109637
AT4G13010	-0.010676286	-0.014746948	-0.013347277	-0.014766499	-0.013230896	-0.009485378	-0.015372262	-0.001003607	-0.021011901	-0.012400251	-0.007207499	-0.018388237	-0.030994998	-0.020215756	-0.017446424	-0.024588814	-0.018341232	-0.017375405	-0.021285453	-0.015345455	-0.025423338	-0.01740539	-0.030118082	-0.018019712	-0.008329103	-0.024263344	-0.023713684	-0.023635805	-0.023074634	-0.021873657	-0.014721354	-0.01545132
AT4G13670	-0.01867167	-0.021523855	-0.02532529	-0.029852224	-0.033715415	-0.037778573	-0.039676745	-0.0474549	-0.047690464	-0.057781627	-0.054660264	-0.056355556	-0.060093879	-0.062567214	-0.068817832	-0.066943392	-0.061310239	-0.063989486	-0.062608906	-0.070231073	-0.061329549	-0.048139078	-0.04930364	-0.041555491	-0.036048789	-0.037961233	-0.036273644	-0.038270394	-0.034901387	-0.034942452	-0.034039445	-0.036083268
AT4G16155	-0.07854169	-0.07290945	-0.077256539	-0.072671687	-0.067773167	-0.064647802	-0.062671961	-0.059629805	-0.063135827	-0.063301512	-0.071265496	-0.104086289	-0.083288645	-0.077191365	-0.089648886	-0.094804174	-0.094639537	-0.089007748	-0.081941265	-0.082682083	-0.095274789	-0.104403374	-0.103271225	-0.092720627	-0.120241116	-0.136614147	-0.151175905	-0.154227155	-0.167862749	-0.167063319	-0.164402052	-0.149278623
AT4G18370	0.014208902	0.016993539	0.016378109	0.018507721	0.015879767	0.01644879	0.016924862	0.015743762	0.011175007	0.005226287	0.010939362	-0.001115274	0.010874499	0.010698659	0.008307388	0.004500404	0.008069133	0.004803821	0.008350985	-0.016252464	-0.020714669	0.004789866	0.014893129	0.010115833	0.006622343	0.014638124	0.01693447	0.015135095	0.013053502	0.014584161	0.013797022	0.012777787
AT4G19830	-0.005995779	-0.003685085	-0.009904777	0.002743643	5.37E-4	-0.0066104	0.004465585	-0.001015674	-0.011370848	4.06E-4	-0.004599993	-0.003861196	-0.004903874	-0.01056661	-0.008773024	-0.019484985	-0.008346986	-0.005368983	-0.002610845	-0.012004019	-0.01571632	-0.009821077	-0.00952578	0.001028488	0.002655486	-0.013646288	-0.00930799	-0.017682676	-0.007864144	-0.020568341	-0.016314299	-0.015227876
AT4G20820	-9.61E-4	8.17E-4	-4.81E-4	0.007607884	0.006398431	0.004084023	0.012703599	0.007522988	0.006653916	0.002125407	0.014417654	0.0045068	-0.001269398	-0.012359711	-0.008337717	-0.001943809	-0.007685183	-0.005951023	-0.010322723	-0.010168621	-0.00901565	-0.009094581	-0.002858738	-0.003142965	-0.003537782	-0.004933177	-0.002565509	-0.011672631	-0.005873302	-0.010665399	-0.007732566	-0.009074101
AT4G23890	0.013095517	0.019485447	0.020691238	0.012275586	0.005025293	0.001847932	-0.00470993	-0.009410501	-0.013158167	-0.018022344	-0.017066744	-0.017370216	-0.015050583	-0.008143443	-0.009040357	-0.004739547	-0.006473826	-0.002499118	0.002316895	0.001299013	0.001424629	0.002954088	0.008682679	0.006186055	0.00953851	0.008949941	0.008101042	0.007731496	0.013934617	0.023246084	0.025418722	0.022553932
AT4G24750	0.005256165	0.007590307	0.00579091	0.013405098	0.005239759	0.001600445	-2.87E-5	-0.008250411	-0.026309151	-0.035224247	-0.033285689	-0.031255872	-0.037798896	-0.042608607	-0.055047617	-0.044323405	-0.030970925	-0.031048002	-0.048416855	-0.043187022	-0.039413405	-0.027070885	-0.034337571	-0.02461943	-0.020711088	-0.014395121	-0.006992649	-0.008048485	0.0019849	0.00417624	0.009870827	0.005221766
AT4G24930	-0.001004588	0.004523769	0.003101445	0.006030911	0.006470722	0.002949684	0.002470682	0.013451891	0.00368333	0.016125722	0.009676067	0.011444389	0.024851402	0.001724942	0.01184497	-0.009684398	0.013884799	-0.007436041	0.012659193	0.003505268	-0.002457188	-0.00381692	0.003276801	-0.001049282	5.63E-4	-0.003163071	-0.0042799	0.001703387	0.003471402	0.003841179	0.002086099	0.004523723
AT4G25050	-0.495075379	-0.500835056	-0.532621462	-0.560780064	-0.58859949	-0.571476048	-0.577246671	-0.597494518	-0.611889288	-0.635602511	-0.627301668	-0.720538478	-0.69312282	-0.831967373	-0.780297813	-0.779557984	-0.803814576	-0.85721482	-0.869787172	-0.815726173	-0.831068339	-0.844119037	-0.803718484	-0.801559031	-0.765600139	-0.785902089	-0.760874579	-0.791493368	-0.787091312	-0.746488199	-0.728387453	-0.727937471
AT4G25910	-0.867154066	-0.939736174	-0.996133501	-1.00076422	-1.007957589	-0.991523206	-0.952475543	-0.954907711	-0.929306494	-0.909530438	-0.923873654	-0.89301311	-0.890118295	-0.880399351	-0.863328443	-0.894859317	-0.887311626	-0.872631001	-0.914918748	-0.884373158	-0.93264509	-0.928515307	-0.953590047	-0.971097567	-0.985114811	-1.014780188	-1.04645916	-1.086768967	-1.104473424	-1.099812315	-1.086433943	-1.021003142
AT4G27700	-0.007921308	-0.007590136	-0.019555018	-0.046062383	-0.061702024	-0.067380773	-0.063411808	-0.061270841	-0.05257996	-0.046675179	-0.023585103	-0.029516675	-0.012341766	-6.46E-4	-0.001254373	0.010726334	0.010270137	0.01827943	0.015130645	0.019205391	0.020837188	0.039087983	0.020418223	0.029076411	0.028365871	0.032600986	0.030309807	0.023134202	0.017644198	0.01290237	0.012716732	0.009761112
AT4G33010	1.58E-4	-0.003869619	-0.002574013	-0.004200104	-0.016246788	-0.057601405	-0.113877543	-0.155321375	-0.190209115	-0.233012606	-0.255668663	-0.273133703	-0.278115874	-0.274464492	-0.257909889	-0.269600071	-0.26021264	-0.27217882	-0.264841964	-0.27500535	-0.28598035	-0.288307358	-0.271033164	-0.264504065	-0.237444954	-0.213324911	-0.162642517	-0.126648458	-0.104202351	-0.095399913	-0.087315546	-0.074836475
AT4G33520	-0.589155492	-0.940461973	-1.189736814	-1.397514336	-1.564856876	-1.616044625	-1.649967372	-1.832738612	-1.839626967	-1.866325509	-1.846552306	-1.945965957	-1.933771706	-1.946685492	-2.021788896	-1.994744708	-1.985091645	-2.166683399	-2.159025097	-2.190494513	-2.044607323	-2.080362954	-2.049772052	-2.025083696	-1.885858539	-1.960296425	-1.928298256	-1.841617357	-1.639806676	-1.542714094	-1.270424887	-0.866504581
AT4G35770	-0.002504508	-0.001391636	2.74E-5	0.006855845	0.005336498	0.00426302	-0.007843452	-0.007638045	-0.008979619	-0.017038297	-0.028211033	-0.023389799	-0.024249487	-0.011329891	-0.037294906	-0.017657587	-0.020257033	-0.022762954	-0.034063232	-0.034989869	-0.034446982	-0.027013009	-0.040204856	-0.024045129	-0.023889641	-0.017072363	-0.011225594	-0.007783019	-0.005111979	-0.001420822	0.001349785	-0.003297324
AT4G36810	-0.621859786	-0.703010206	-0.756699834	-0.808288246	-0.910513627	-0.929667722	-0.982539586	-1.197783004	-1.159656017	-1.166748711	-1.165151497	-1.693683752	-1.25258653	-1.235394322	-1.605152236	-1.273959092	-1.454421761	-2.450222756	-1.25021298	-1.280660522	-1.312038371	-1.407564518	-1.264016258	-1.246247522	-1.242312	-1.179537227	-1.219682794	-1.086930032	-1.021973882	-1.025633081	-0.968378521	-0.883562204
AT4G37925	0.015875442	0.012659633	-0.003173771	-0.0160258	-0.021111622	-0.037397171	-0.041006978	-0.048297017	-0.035682743	-0.043145668	-0.049093327	-0.0601362	-0.051110655	-0.049486951	-0.052388069	-0.041946097	-0.045767673	-0.044654318	-0.03829038	-0.021786941	-0.034196953	-0.030468703	-0.020403109	-0.011820345	-0.018823335	-0.019253003	-0.015222686	-0.024882634	-0.015411106	0.004992111	0.015545934	0.029748538
AT4G38380	-0.00641661	-0.005396999	-0.00564727	-0.007606821	-0.009291135	-0.004182779	-0.003282686	-0.005405049	-0.002264749	6.09E-4	-0.00270519	0.011753397	0.007617639	-0.010088159	0.017303461	0.0071251	-0.003184136	0.007630143	0.00814599	8.27E-4	0.002660394	-0.009354258	-0.008029833	-0.005849449	-0.013115744	-0.011380789	-0.007596448	-0.010604319	-0.0072923	-0.003244327	-0.004096442	-0.00207409
AT4G39730	-0.005570406	-0.007126872	-0.004990261	-0.005280176	-0.005950496	-0.009054462	-0.010388131	-0.010348317	-0.004524847	-1.41E-4	-0.007090676	-0.010919302	-0.013185428	-0.005091842	-0.007449044	-0.002170443	-0.011456153	-0.012898007	-7.08E-4	0.003702838	-0.006384203	-0.002379594	-7.48E-4	-0.001370208	-0.00783797	8.13E-4	-0.002963894	-0.004063396	-0.005631784	-0.002714107	-2.37E-4	-4.35E-4
AT4G39960	-0.01594939	-0.017617657	-0.017507213	-0.019667707	-0.023767583	-0.026617937	-0.032470468	-0.037311852	-0.040203062	-0.041826879	-0.043519322	-0.04804228	-0.043408177	-0.041688001	-0.042623347	-0.040206853	-0.037679591	-0.037398995	-0.040691493	-0.038771617	-0.040023532	-0.040247302	-0.033052707	-0.027266158	-0.022947194	-0.015728002	-0.01009026	-0.008223218	-0.006300954	-6.64E-4	-0.001453481	-0.004117269
AT5G01220	-0.018767286	-0.030547359	-0.052205994	-0.072829498	-0.092259519	-0.100279602	-0.103196205	-0.101796632	-0.098886788	-0.096455369	-0.093485547	-0.089863637	-0.103761086	-0.097866833	-0.109365823	-0.114549539	-0.119870037	-0.126060853	-0.129914007	-0.127250722	-0.13182611	-0.143478981	-0.146975074	-0.142303311	-0.138709415	-0.133040598	-0.116996756	-0.101373624	-0.080185361	-0.055525957	-0.027359757	-0.011557546
AT5G01500	-0.014354827	-0.016238298	-0.017075234	-0.025222533	-0.027666207	-0.0324228	-0.032016453	-0.040153183	-0.040375456	-0.044173132	-0.049558731	-0.046439103	-0.049346718	-0.048888891	-0.038686098	-0.050114252	-0.048013402	-0.044401129	-0.051776352	-0.045207606	-0.05449215	-0.055282811	-0.044617115	-0.045764221	-0.052552921	-0.047308816	-0.04565765	-0.043267342	-0.040690247	-0.035403942	-0.037252977	-0.026535115
AT5G02160	-3.87E-4	2.26E-4	-0.006892416	-0.007181269	-0.009191318	-0.006607127	-0.012122224	-0.009499126	-0.014574015	-0.019090152	-0.029323354	-0.032126802	-0.018235265	-0.019952622	-0.016281695	-0.014497288	-0.021955905	-0.008053183	-0.013314126	-0.019540764	-0.017148834	-0.010575007	-0.012849385	-0.009051075	-0.008980406	-0.008779126	-0.002022662	-0.002729127	-0.004612432	3.18E-5	0.002651616	0.003051657
AT5G03455	-0.001764715	-5.63E-4	-1.18E-4	0.006647878	0.006800526	0.004325844	0.004858303	0.0022789	1.9E-4	-0.006890228	-0.005186829	-0.02093828	-0.006859665	-0.006330844	-0.020135312	-0.006525514	-0.009611573	-0.010134626	-0.019597296	-0.002882021	-0.006152096	-0.002442395	-0.011136116	-0.008098917	-0.00551226	-0.009060107	-0.004108122	-0.007982822	-0.004174892	-0.002295685	-2.92E-4	-0.003549503
AT5G07020	-0.010587303	-0.014045571	-0.018010348	-0.021132296	-0.025429441	-0.019848971	-0.016178087	-0.015891276	-0.013685786	-0.012964221	-0.007849668	-0.006079807	-0.006759716	-0.01580418	-0.015627356	-0.024878106	-0.027085943	-0.0366951	-0.034557924	-0.03460109	-0.038325039	-0.047801952	-0.062371229	-0.062072279	-0.077818576	-0.081803799	-0.083291387	-0.081462205	-0.072161881	-0.065093426	-0.04898739	-0.042350747
AT5G08050	0.007064592	0.007192361	0.004427276	-0.001089406	-0.004202892	-0.003220621	-0.006691005	-0.00601009	-0.00536302	-0.002462794	-0.005814172	9.0E-4	-0.0059971	-0.005135305	-0.011902118	-0.011346185	-0.013439929	-0.009798623	-0.011499132	-0.019085647	-0.020802139	-0.018746576	-0.025058917	-0.019547108	-0.023158903	-0.022952364	-0.016995101	-0.014022256	-0.007588247	-0.001760942	0.002520434	0.00711549
AT5G08540	-0.00161758	-0.003090312	-0.007367096	-0.006166436	-0.003158085	-4.86E-4	-0.004686535	-0.003667754	-0.009051616	-0.015822166	-0.013811037	-0.024404786	-0.024806561	-0.020886146	-0.027751232	-0.026993289	-0.018623931	-0.016023064	-0.023521558	-0.015048177	-0.01985663	-0.013489014	-0.01173405	8.99E-5	-4.39E-4	-5.3E-4	0.001218141	0.001279659	-6.01E-4	-0.001058237	-0.004746363	-0.007309045
AT5G12470	-0.015802896	-0.022646911	-0.019926382	-0.030508428	-0.032385506	-0.038737892	-0.045876014	-0.057632525	-0.057797009	-0.063357479	-0.070250929	-0.069262263	-0.056633558	-0.082093917	-0.070346455	-0.083066115	-0.09048811	-0.078137167	-0.088416727	-0.08613571	-0.078603944	-0.09301058	-0.080027622	-0.079398739	-0.067690121	-0.074759212	-0.058183901	-0.059025198	-0.048099248	-0.041169606	-0.037203726	-0.026281261
AT5G13120	-0.004460791	-0.003080488	5.03E-4	0.002210627	0.001121578	0.004226744	-0.00794105	-0.003063931	-0.009516014	-0.012624435	0.007608767	-0.001634161	-0.021674358	-0.004003603	-0.009268817	-0.018791614	-0.020567776	-0.017783491	-0.005351819	-0.007939138	-0.01197896	-0.005054609	-0.006208153	-8.83E-4	-0.001485647	-0.006677783	-0.001953714	-0.01077945	-3.22E-5	-0.003823592	-0.008333629	-0.002986479
AT5G15250	0.001741831	3.29E-4	0.001750569	0.003211	-7.14E-4	-0.00184923	-0.005202903	-0.00646171	-0.010636755	-0.010443871	-0.011740048	-0.013935662	-0.013323011	-0.014055048	-0.013627165	-0.016127378	-0.02036434	-0.016005077	-0.014164964	-0.014522491	-0.016172781	-0.012985092	-0.013217902	-0.009628635	-0.006537214	-0.004749499	-0.003524595	-0.001408935	-0.002846932	-0.002824925	-0.00289115	-0.001833714
AT5G16150	-0.003851372	-0.005730435	-0.006004889	-0.008450205	-0.004815193	-0.002769294	-1.09E-4	-8.46E-4	0.00454264	0.00354864	0.001646241	0.008441441	0.006439645	-0.012677809	0.011335714	0.002038603	-0.007829773	0.003595435	0.005743589	0.004814125	4.03E-4	-0.001176786	0.001353892	-0.002210111	-0.003075628	-0.002973721	-0.002432587	-0.008607733	-0.005325056	-0.002428897	-0.0049375	-0.001114378
AT5G16660	-0.004000524	-0.003648239	-0.004447824	-1.28E-4	-0.005445984	0.001816144	-0.007120403	-0.003844505	-0.014021952	-0.014246099	-0.008986875	-0.02611219	-0.005391682	-0.020643232	-0.018550681	-0.014179754	-0.031684098	-0.008207155	-0.016485973	-0.015162536	-0.012139766	-0.023492002	0.001868629	-0.009176445	-0.018300683	-0.001608776	-0.005334854	-0.007635433	-0.007724491	-0.001759556	-0.006450147	-0.004093572
AT5G19370	0.001391523	0.002200385	0.003351386	0.003845413	0.001417398	-0.004181123	-0.010074585	-0.014276011	-0.018691921	-0.031567095	-0.032545495	-0.02862648	-0.033050111	-0.040325398	-0.038818259	-0.046349128	-0.038175005	-0.041032053	-0.041741281	-0.0475438	-0.037421058	-0.039694263	-0.046107185	-0.034677223	-0.032649744	-0.025829083	-0.021886879	-0.020864777	-0.014080488	-0.012629121	-0.007191184	-0.007180611
AT5G20140	0.006154045	0.013833443	0.015932689	0.018238181	0.018842782	0.016042023	0.015098706	0.012897523	0.00981341	0.007512701	-0.004635153	0.00132937	0.005972726	0.005651133	0.008654089	-0.002087499	0.002360508	0.005353435	-0.003234397	-0.009103693	-0.007540749	-0.00273628	-0.010485154	0.001104842	-0.003042878	0.007238866	0.005154157	0.008867028	0.003947286	0.008497235	0.005450904	0.00410468
AT5G21430	-0.032414362	-0.020701068	-0.024930286	-0.042417002	-0.040514615	-0.040948667	-0.040357821	-0.051762454	-0.056482946	-0.04799758	-0.041880647	-0.065543988	-0.033528099	-0.053276044	-0.068719429	-0.060306647	-0.050406607	-0.048012841	-0.037950296	-0.021946249	-0.050443424	-0.033234217	-0.021269087	-0.029485637	-0.034727772	-0.041572667	-0.049825611	-0.051516783	-0.048187537	-0.037665735	-0.032317311	-0.030649608
AT5G23890	0.027724026	0.032190163	0.022745366	0.020135575	0.015727534	0.01291062	0.006435313	-0.006643268	-0.007801569	-0.040037494	-0.02967775	-0.049626275	-0.031894507	-0.029707854	-0.049895537	-0.028208312	-0.017819274	-0.040178956	-0.016839698	-0.009078589	-0.027984008	0.011431754	-0.010540712	-5.88E-4	0.007287256	0.010340998	0.016520907	0.011826225	0.015912892	0.023753471	0.018280599	0.028274721
AT5G35170	0.002695324	-0.00135274	-0.003781113	-0.004948334	-0.007775522	-0.009525012	-0.008860744	-0.015452596	-0.037583152	-0.032402724	-0.047097134	-0.05287196	-0.044783103	-0.046091196	-0.046519518	-0.044732672	-0.037657038	-0.045212585	-0.040955131	-0.027574065	-0.039991847	-0.022969512	-0.02120025	-0.020415841	-0.016466895	-0.012837777	-0.007465835	-0.009822687	-0.007178396	-1.31E-4	9.36E-4	0.005985011
AT5G39830	-0.00937982	-0.005588751	-0.009864344	-0.008593149	-0.013405914	-0.013933372	-0.018157517	-0.019765192	-0.027938239	-0.025545691	-0.031347755	-0.035092134	-0.029256533	-0.025987105	-0.033036221	-0.027022192	-0.031290754	-0.023969841	-0.021104028	-0.011347953	-0.019855479	-0.015668744	-0.013047292	-0.010150494	-0.005231142	0.003249532	0.007590188	0.005832379	0.007887539	0.007033	0.006572802	-0.001658905
AT5G42270	0.04534252	0.046078266	0.052137691	0.038921807	0.035856836	0.022953545	0.007939597	-0.046114133	-0.045111382	-0.098130911	-0.109964249	-0.117022175	-0.12637777	-0.102549989	-0.133058351	-0.134985444	-0.109000401	-0.144146251	-0.109492174	-0.085141357	-0.083364216	-0.062728936	-0.046998043	-0.024229861	-0.02411183	0.003506084	-0.002084061	0.001905097	0.009591091	0.010896778	0.015788624	0.028150327
AT5G42765	-0.007715613	-0.006119443	-0.011803673	-0.003485726	-0.008992851	-0.010750247	-0.013674373	-0.027206192	-0.01421629	-0.026707083	-0.03957312	-0.022633534	-0.036647007	-0.019735993	-0.022839402	-0.019077235	-0.048646723	-0.018071741	-0.024201911	-0.02072699	-0.031551044	-0.022397395	-0.01948253	-0.019450077	-0.021944954	-0.013512716	-0.012483686	-0.006886285	-0.005307768	-0.009051783	-0.004845708	-0.011558281
AT5G52440	-0.171805056	-0.177658422	-0.197605359	-0.211703301	-0.240840214	-0.250653198	-0.272536804	-0.277429278	-0.273207609	-0.310927186	-0.325359021	-0.318118054	-0.341677188	-0.335044268	-0.331899785	-0.32079334	-0.307980757	-0.338183744	-0.303129245	-0.300915543	-0.303504687	-0.279335304	-0.264445019	-0.288067023	-0.271644326	-0.257651848	-0.245555567	-0.247834116	-0.234526277	-0.229669555	-0.2134895	-0.199195324
AT5G52780	0.022737301	0.033054819	0.025207163	0.01699973	0.008577856	0.007042998	-0.006210202	-0.003669657	-0.01243259	-0.030150438	-0.019744223	-0.023844212	-0.014144059	-0.026783459	-0.010573863	-0.009761779	-0.005552718	-0.004694285	0.003201096	-0.004450823	0.008523781	0.004389149	0.008588161	0.019077739	0.022537545	0.016424192	0.007493961	0.011347495	0.018374474	0.024293297	0.029470114	0.036623394
AT5G52970	-0.007500193	-0.008895328	-0.013224568	-0.01453333	-0.0205625	-0.019299725	-0.021541819	-0.021702292	-0.04002345	-0.036920467	-0.051127514	-0.0324667	-0.049183583	-0.045173693	-0.038074572	-0.059586374	-0.054384831	-0.060649715	-0.056531474	-0.055187206	-0.046712444	-0.045601828	-0.042440793	-0.049585353	-0.043468282	-0.042470566	-0.03699122	-0.044279975	-0.038593627	-0.034321421	-0.037205459	-0.024871843
AT5G53170	-0.024794554	-0.024648103	-0.022577929	-0.024380542	-0.029608882	-0.03590413	-0.0413461	-0.048323101	-0.055813026	-0.054157453	-0.058142567	-0.057890251	-0.060909967	-0.056547541	-0.063390543	-0.068817651	-0.063952087	-0.062656215	-0.069050774	-0.066151974	-0.065968316	-0.060852333	-0.057158336	-0.05206154	-0.045083092	-0.040568958	-0.0325293	-0.027821744	-0.023864306	-0.022580046	-0.020290247	-0.020511792
AT5G53490	-0.003865549	-0.003853553	-0.007938337	-0.006819944	-0.021061971	-0.018294928	-0.016250554	-0.006821663	-0.018196444	-0.029564816	-0.023562299	-0.010450243	-0.004461198	-0.009385394	-0.013552242	-0.003452468	-0.012496006	-0.02176558	-0.007486308	-0.01596766	-0.019808371	-0.007965694	-0.00378899	-0.007449051	-0.004513478	-0.005823397	-0.007812945	-0.004850097	-0.003829227	-0.004422448	-0.002134657	-0.003800454
AT5G59250	-0.012903828	-0.009341383	-0.006894518	-0.011499118	-0.012291205	-0.009752769	-0.00884776	-0.023091515	-0.026964883	-0.019150736	-0.03811135	-0.038788664	-0.047386616	-0.055419143	-0.055163474	-0.060535636	-0.04657065	-0.064035028	-0.055447071	-0.069801847	-0.067804112	-0.068845658	-0.062730875	-0.065699458	-0.05391436	-0.048554825	-0.045474971	-0.0524761	-0.048839608	-0.051072467	-0.043888087	-0.032079967
AT5G62720	0.008331015	0.004380721	-6.38E-4	0.008642457	0.010312591	0.025878161	0.015214008	0.027016387	0.014637527	0.024434661	0.010414249	-0.002480088	0.02383086	0.011968775	0.022999359	0.014390732	0.035010061	0.015076225	0.020445261	0.020721957	0.063275385	0.045885136	0.037727453	0.047169978	0.053398112	0.045931377	0.049483252	0.048106306	0.035470352	0.027516641	0.019621501	0.019192855
