name[selection][flat][experiment][camera]	0.0	0.5	1.0	1.5	2.0	2.5	3.0	3.5	4.0	4.5	5.0	5.5	6.0	6.5	7.0	7.5	8.0	8.5	9.0	9.5	10.0	10.5	11.0	11.5	12.0	12.5	13.0	13.5	14.0	14.5	15.0	15.5
AT1G02560	0.033368999	0.021517278	0.032235021	0.044741872	0.050941823	0.059725827	0.059349674	0.077432506	0.089777182	0.087153626	0.088276993	0.096008756	0.091304144	0.084282185	0.078692521	0.089148619	0.086720153	0.081948499	0.092156869	0.088883656	0.076336741	0.090975852	0.100304651	0.10468162	0.091496944	0.088619767	0.086459902	0.061864178	0.07683489	0.067519157	0.05134967	0.058476078
AT1G03160	-0.026912014	-0.003204692	0.022349135	0.100734496	0.181497877	0.232091953	0.231260713	0.209654577	0.201449068	0.177380425	0.168854448	0.155635162	0.181400668	0.190636206	0.210655981	0.226948637	0.2481618	0.267344476	0.305434365	0.304237058	0.314659735	0.3353955	0.355387621	0.360946606	0.355772919	0.336117564	0.27107723	0.21479382	0.164450845	0.11827705	0.064865664	0.042588356
AT1G03600	-0.079880804	-0.06422443	-0.068737492	-0.097934687	-0.189211756	-0.306602593	-0.486752801	-0.619293556	-0.750185713	-0.846352685	-0.945086542	-0.966320437	-0.97073922	-0.96758439	-0.902493889	-0.903015128	-0.847934305	-0.786540731	-0.702957432	-0.61986824	-0.570367977	-0.438022575	-0.270175931	-0.139944205	0.029264413	0.17951618	0.299981115	0.373431779	0.377117892	0.405284811	0.389204335	0.371631569
AT1G03850	0.140412486	0.134426454	0.131361436	0.113079432	0.069475559	0.048660696	0.043409321	0.01142535	-0.010686644	-0.009501191	-0.015127247	-0.011769603	0.02972732	0.009553331	-0.003564378	-0.009984062	-0.013410226	-0.017324313	0.006073054	0.00820265	0.011246675	0.026571703	0.03728028	0.0439888	0.06198532	0.098667456	0.131681148	0.161658993	0.166221282	0.175988612	0.166293379	0.22014173
AT1G05385	0.040331567	0.036645971	0.039320828	0.043006641	0.024353094	0.047526031	0.046286625	0.050571713	0.057922155	0.060680592	0.051483585	0.070081086	0.060088768	0.064094947	0.062664022	0.05908545	0.050958923	0.06734811	0.064071832	0.060443803	0.050502542	0.040458768	0.059264723	0.044823291	0.054876838	0.032888708	0.064972931	0.016751861	0.062654179	0.022639484	0.062312203	0.072064508
AT1G06690	0.035930899	0.03426319	0.018634939	0.013138469	-9.4E-4	-0.013882155	-0.017818875	-0.019286005	-0.021790794	-0.020001655	-0.020634379	-0.020004585	-0.020860764	-0.025117847	-0.01884	-0.021100383	-0.019151341	-0.022300441	-0.019276653	-0.022495201	-0.028505272	-0.024023547	-0.020589062	-0.014985938	-0.010894891	-0.004556479	0.010672222	0.019007966	0.023666203	0.026154881	0.030336013	0.039567954
AT1G07510	0.037905072	0.043485792	0.027728568	0.006089736	-0.005547575	-0.021971902	-0.032465513	-0.031155957	-0.018614426	-0.022720992	-0.015365017	-0.015526999	-0.026532088	-0.015497604	-0.015429416	-0.012215226	-0.009241948	-0.026300885	-0.017450906	-0.01811698	-0.021078573	-0.018794756	-0.01549329	-0.010436846	-0.017622402	-0.006651483	0.009421892	0.017257556	0.016414187	0.019191694	0.013011723	0.025873143
AT1G10170	0.009343963	0.006638994	-0.00261981	-0.019239632	-0.006425415	-0.030013245	-0.039112574	-0.029734454	-0.007697	-0.005004911	-0.017785201	-0.004188038	-0.001203316	-0.013271126	-0.013683675	-0.001273887	0.009533964	0.006668101	0.01937835	0.016764151	0.03869233	0.038119482	0.033241041	0.030625265	0.0118471	0.020370627	0.020681687	0.038364138	0.008131824	0.004623615	0.009427325	0.03747255
AT1G12250	0.014466895	0.00916877	0.008095211	0.032915024	0.021474599	0.022885297	0.020080394	0.041729662	0.026236917	0.022101387	0.040802468	0.021291624	0.009093133	0.019860343	0.015361089	-0.001201464	0.004745902	-0.002301394	-0.002015336	0.004252693	-0.001749877	0.006748445	0.010960147	0.031624394	0.031256211	0.039997393	0.041450623	0.035121862	0.033147875	0.031584705	0.022522091	0.034261507
AT1G14150	-0.009714242	-0.032485184	-0.004559747	0.062109533	0.136156321	0.1861449	0.222180674	0.219577683	0.224508647	0.22180864	0.22606094	0.220901764	0.229890004	0.239258741	0.239396383	0.239640702	0.253309007	0.252560902	0.250064589	0.254964444	0.245935293	0.25187307	0.248038433	0.239037401	0.206334819	0.165904599	0.079770089	0.0186717	-0.013467321	-0.035691865	-0.05514221	-0.024202558
AT1G14345	-0.02560551	-0.017449162	0.021132714	0.140274831	0.272838972	0.313196926	0.290512324	0.260939085	0.234951097	0.199542176	0.15356805	0.150363777	0.151369988	0.15577543	0.156908045	0.1772044	0.189260269	0.194046052	0.189164442	0.200286885	0.192606414	0.21176235	0.222541171	0.222387229	0.206943778	0.198995768	0.11759242	0.029665454	0.020322228	-0.006010391	-0.023325229	-0.021706189
AT1G14590	-0.047969874	0.009551509	-0.05745251	-0.047995437	-0.04727599	-0.073761182	-0.055126648	-0.035879146	-0.016253564	-0.016811838	-0.017786322	-0.024020092	-0.022037201	-0.036456226	-0.032516951	-0.02533865	-0.030846407	-0.036845348	-0.045205856	-0.053005012	-0.045320099	-0.067041402	-0.074038815	-0.091299451	-0.117068688	-0.099707563	-0.097582098	-0.053747836	-0.088173507	-0.057059616	-0.043670252	-0.042073051
AT1G15140	0.010763915	0.018753628	0.004145881	-0.010410757	-0.040056085	-0.071911328	-0.083760482	-0.081645426	-0.072372245	-0.074406711	-0.06022554	-0.060092597	-0.075942603	-0.069775407	-0.066108157	-0.06164381	-0.067877692	-0.062153013	-0.065863529	-0.067318341	-0.065522327	-0.072072103	-0.074889609	-0.046423246	-0.05896186	-0.032958416	-0.007822072	0.007670407	5.24E-4	0.009057042	-0.00410046	-0.012811891
AT1G15820	-0.001123396	0.005792241	-0.008683411	-0.005296781	-0.012558126	-0.032222145	-0.035880951	-0.039096737	-0.038315782	-0.038739154	-0.035655089	-0.03453004	-0.027388924	-0.021157662	-0.030285775	-0.024768831	-0.024304145	-0.021562547	-0.020120575	-0.018078388	-0.022552215	-0.017270149	-0.01758268	-0.019521151	-0.020792187	-0.007102974	-0.00551861	7.63E-4	0.003423644	0.00763636	-0.001023932	-0.007986248
AT1G16790	0.146088557	0.105442999	0.13155134	0.079045016	0.103392213	0.008325994	-0.039268154	-0.030980924	-0.056601295	-0.053508003	-0.032053019	-0.029952545	-0.001817405	-0.009179203	-0.034997916	-0.031657024	-0.025202621	-0.014555901	0.011907044	0.008747679	-4.51E-4	-0.007762995	0.038136681	0.04138206	0.003087212	0.104630132	0.100533208	0.163753151	0.119506193	0.115039767	0.125697032	0.130093343
AT1G16880	-0.05245122	0.024317741	-8.12E-4	0.015457411	-0.088022149	-0.120821189	-0.222859608	-0.287768063	-0.310192767	-0.321400539	-0.300066824	-0.351458043	-0.342317193	-0.356048873	-0.349061261	-0.345389774	-0.29579563	-0.308985241	-0.290433878	-0.234257791	-0.243477286	-0.203913912	-0.137012272	-0.076025783	-0.056435558	-0.030649296	-0.046471349	0.02684464	-0.115749727	5.11E-4	-0.192643114	-0.145171938
AT1G17850	0.014027063	0.003779644	0.016939502	0.001636276	0.011557076	0.005440878	0.004786458	-0.004513372	0.00157088	0.002851045	-0.001662438	0.004359572	-9.98E-4	-0.007961516	0.007337528	0.01196807	0.004654657	0.005146866	0.015310549	0.006761668	0.007638775	0.013009879	0.006298418	0.01968375	0.010285932	0.004528301	0.008843317	0.02238236	0.015678022	0.015643948	0.004871812	0.009310873
AT1G18730	4.05E-4	-0.033247961	0.006142853	0.041192286	0.14679208	0.2366005	0.30227227	0.314323637	0.311145948	0.304720708	0.28316843	0.300674719	0.303312209	0.300530152	0.282203528	0.267491899	0.265394116	0.267882284	0.293482418	0.257522831	0.261459935	0.232692073	0.248531021	0.216521701	0.178949843	0.120031557	0.051505013	-0.013694593	-0.055787483	-0.07901182	-0.069238297	-0.02279752
AT1G20810	0.009325719	-0.002482392	-0.014914684	-0.020850756	-0.029459515	-0.059142204	-0.083645125	-0.080150313	-0.092655565	-0.086862367	-0.083221936	-0.083118566	-0.08262062	-0.08230566	-0.080252407	-0.070870006	-0.063951164	-0.074410541	-0.071261376	-0.060945807	-0.064710767	-0.057290733	-0.059740097	-0.05457673	-0.051038244	-0.036576844	-0.024088485	-0.019688435	-0.01563769	-0.016330235	-0.005151656	-0.009403194
AT1G21750	0.005189387	0.0020436	0.010512606	-0.007593058	-0.015732426	-0.036232031	-0.064021763	-0.090235821	-0.092549132	-0.101789091	-0.093652028	-0.090992763	-0.092355639	-0.074703783	-0.091370843	-0.078282132	-0.075857971	-0.069826144	-0.07357535	-0.062440842	-0.062904282	-0.051846996	-0.042194605	-0.040106208	-0.03538695	-0.018152408	0.001725875	-0.008526291	-0.011192421	-0.01198152	-0.002666447	0.004814611
AT1G22450	-0.3464157	-0.321263631	-0.367490537	-0.345209472	-0.278501568	-0.268516935	-0.223950286	-0.231351778	-0.206922005	-0.20445857	-0.281867039	-0.270293481	-0.29334154	-0.227154054	-0.223925981	-0.23504992	-0.238930822	-0.220255682	-0.191952503	-0.235825681	-0.226614063	-0.198538592	-0.186852194	-0.175513002	-0.225351555	-0.26543666	-0.347213666	-0.470597631	-0.402575299	-0.480055866	-0.435575352	-0.422393861
AT1G23740	-0.024815581	0.061576715	-0.033686022	-0.030025381	-0.047469285	-0.052848802	-0.041769541	-0.055221415	-0.026348829	-0.034872504	-0.010153295	-0.035952536	-0.029132276	-0.02343498	-0.009789846	-0.017180206	-9.96E-4	-0.028985932	-0.037410046	-0.019311394	-0.041119309	-0.036022126	-0.016074284	-0.007139959	-0.043267659	-0.044816249	-0.048451681	0.011164603	-0.050744985	0.065326379	0.096287753	0.080421564
AT1G27510	-0.007022686	-0.003477587	-0.002075559	0.00247527	0.016101615	0.022168337	0.012398637	0.03129802	0.027627182	0.026336637	0.04082062	0.032742689	0.032525895	0.053108943	0.064966658	0.069665799	0.067720034	0.09106964	0.087765954	0.072297157	0.092309432	0.120920861	0.107412227	0.110499023	0.094964084	0.078862594	0.040560921	-0.006050376	-0.007563445	0.014723518	0.005822984	-0.018909665
AT1G29920	0.103949785	0.108287791	0.090827739	0.064403255	0.052976269	-8.41E-4	-0.021248992	-0.031724071	-0.023329882	-0.010476006	-0.00662955	-0.018510909	-0.010645019	-0.008053859	-0.018984949	-0.013851941	-0.008037818	-0.01645384	-0.004638999	0.003286003	0.004151025	0.003116431	0.009387989	0.019456868	0.006861539	0.026470657	0.056223218	0.086493215	0.08319957	0.089369214	0.089301917	0.119854439
AT1G30510	0.040020694	0.035184603	0.0300028	0.027507413	0.030898707	0.020757813	-0.010310975	-0.018353531	-0.0240023	-0.033463831	-0.036777561	-0.03749858	-0.04429492	-0.047499361	-0.056847366	-0.048260299	-0.05343835	-0.05545017	-0.056593841	-0.045881137	-0.049455137	-0.052045182	-0.039298332	-0.029105269	-0.019453911	-4.48E-4	0.015678427	0.026282581	0.031149991	0.033492637	0.041154507	0.03615729
AT1G31180	0.007824996	0.021104576	0.004487558	-0.020095656	-0.036251578	-0.05690029	-0.052969836	-0.052146435	-0.039881465	-0.039093452	-0.040100296	-0.049380976	-0.055671222	-0.04630455	-0.05012478	-0.046513798	-0.047246635	-0.049903118	-0.036352266	-0.036447599	-0.039631722	-0.028855088	-0.022117917	-0.009913108	-0.01099963	-0.001447475	0.015141693	0.013570285	0.003976962	0.013607473	0.00599555	0.012824899
AT1G32500	3.64E-4	0.03001423	0.061064204	0.12340934	0.15624256	0.169101415	0.114485315	0.073045472	0.053162318	0.021439825	-0.018619148	-0.059785788	-0.05510025	-0.047933312	-0.051824432	-0.052417925	-0.021826209	-0.010220248	0.004690147	0.033260761	0.038308336	0.106244856	0.159842589	0.212993997	0.275587422	0.317933114	0.306403289	0.287886832	0.262908145	0.23905424	0.2135548	0.188973159
AT1G42960	0.029553877	3.64E-4	0.005994253	-0.01246268	0.001543577	0.007520969	0.01829632	0.028008576	0.022792069	0.015712729	0.029167303	0.033743099	0.03514436	0.061681424	0.058872771	0.058399515	0.074359636	0.089327301	0.083622127	0.104333733	0.112525908	0.091670879	0.124528176	0.091434975	0.09926694	0.080927643	0.054504749	0.040110371	0.024435179	0.045214452	0.043078216	0.011154822
AT1G44575	-0.008959127	0.003498014	-0.00946946	-0.039336515	-0.114813812	-0.234190787	-0.426717968	-0.594945102	-0.706653052	-0.827324404	-0.915822103	-1.003424037	-0.987387172	-0.994856312	-0.999132284	-0.97307655	-0.929906304	-0.895254056	-0.840527812	-0.806363224	-0.79346739	-0.651737326	-0.528660033	-0.410258212	-0.264779585	-0.144273663	-0.050359007	-0.01366451	0.00140629	-0.010701603	-0.008235292	-0.00422305
AT1G50250	4.68E-5	-0.004105515	-0.012626093	-0.026125444	-0.017072816	-0.021821032	-0.030121808	-0.040334568	-0.038212906	-0.052436235	-0.048590558	-0.050838065	-0.044122563	-0.046169603	-0.047692699	-0.050506537	-0.046423175	-0.04942339	-0.041491264	-0.0405463	-0.03083662	-0.030473378	-0.02353127	-0.024152313	-0.016469652	-0.014512178	-0.01632416	-0.012953527	-0.013350618	-0.015980043	-0.002342133	-0.001083663
AT1G50450	0.018777099	0.052006137	0.050469461	0.055498373	0.063274808	0.089253337	0.07054607	0.040426962	0.072273568	0.069197274	0.049851794	0.042411755	0.062448284	0.044570021	0.039773416	0.055446562	0.062090601	0.074712367	0.085919684	0.095879331	0.078099284	0.097682202	0.107988857	0.112653776	0.124755927	0.132428688	0.137481087	0.145992864	0.11475046	0.121696637	0.128065396	0.158272242
AT1G50460	-0.029645795	-0.047856637	-0.063365892	-0.066931625	-0.101408904	-0.103807435	-0.104308371	-0.123234571	-0.116044504	-0.106454238	-0.109553384	-0.086121718	-0.089113089	-0.081811142	-0.085517009	-0.083413065	-0.094714684	-0.086302295	-0.084131279	-0.095763714	-0.09491724	-0.083360686	-0.091817117	-0.090331885	-0.092831519	-0.075174417	-0.065611699	-0.04563232	-0.059095247	-0.034643139	-0.00296254	-0.012568898
AT1G51350	-0.008949604	-0.006519159	-0.008172558	-0.014271684	-0.017196595	-0.037017777	-0.044390988	-0.052211019	-0.053715403	-0.057960964	-0.057479891	-0.059467291	-0.064668524	-0.060894144	-0.050105943	-0.055320593	-0.054047401	-0.051810805	-0.043886284	-0.042325469	-0.037959213	-0.027019519	-0.027801262	-0.020381826	-0.021730787	-0.024033518	-0.014613134	0.001097318	-0.006083733	7.66E-5	0.00304145	0.025515752
AT1G52220	-0.027354909	-0.022605264	-0.019198051	-0.017720911	-0.016677722	-0.051673557	-0.077002488	-0.087279318	-0.092236745	-0.086413885	-0.083576302	-0.067370303	-0.075104568	-0.073154207	-0.068895281	-0.058427701	-0.063853383	-0.064440364	-0.060820001	-0.067097202	-0.065754834	-0.052942844	-0.05037131	-0.039588166	-0.040153286	-0.014099252	0.005152885	0.010377188	0.005184396	-0.004913499	-0.012822384	-0.009800093
AT1G54050	-0.027983054	-0.02179675	-0.016522931	-0.011712856	4.79E-4	-0.00417672	0.007409024	0.001687053	-0.009707589	-0.01290411	-0.004327594	-0.03313666	-0.013668505	-0.011624272	-0.008059411	-0.010773605	-0.001013448	-0.013835688	-0.01049658	-0.022170028	-0.002986866	0.008547067	-0.012435402	0.00469619	0.006905895	0.009057392	0.011861331	0.005521691	-0.010332097	-0.005948653	-0.01231506	-0.029552954
AT1G54500	-0.014044592	-0.03714604	-0.032122882	-0.069541554	-0.103846522	-0.119092228	-0.111529432	-0.127922426	-0.130567069	-0.128820502	-0.144310664	-0.15897939	-0.165765274	-0.164752323	-0.165855271	-0.169784789	-0.179303316	-0.177463892	-0.172745959	-0.177729223	-0.165571171	-0.158986119	-0.14347434	-0.133516361	-0.111312644	-0.089305065	-0.056756881	-0.02045082	-0.036022197	-0.042317415	-0.032152954	-0.00959373
AT1G54580	-0.043170292	-0.033223233	-0.028338239	6.2E-4	0.047295215	0.095712146	0.140425672	0.16851164	0.182506998	0.181718082	0.181153787	0.178619785	0.196167133	0.193400547	0.200112205	0.216921557	0.225236647	0.231261699	0.246040197	0.243260349	0.241090661	0.253066495	0.24489828	0.232296833	0.193752248	0.15186865	0.066886013	0.008642264	-0.020415461	-0.049639323	-0.051074376	-0.048346931
AT1G54780	-4.76E-4	0.001728126	0.024330121	-0.019143918	-0.03649713	-0.095021452	-0.112229929	-0.079414343	-0.132218077	-0.124782176	-0.181366358	-0.208429657	-0.232489189	-0.204129112	-0.220524451	-0.206984063	-0.226270106	-0.188137948	-0.181249577	-0.21358872	-0.182058518	-0.164846324	-0.161880914	-0.125022322	-0.144875749	-0.101748996	-0.059785847	-0.015748929	4.76E-4	0.01040117	0.007898948	0.043125657
AT1G54790	0.052501607	0.035270078	0.020705553	0.006466122	-0.012992116	-0.039430962	-0.032113927	-0.023692878	-0.053598326	-0.031372939	-0.022377778	-0.036834366	-0.022292427	-0.021754307	-0.013641216	-0.009824102	-0.012664666	-0.014061663	0.002715897	-0.017135266	-7.74E-4	0.004691437	4.93E-4	0.012347396	-0.001145133	0.004744763	0.014063835	0.009237841	0.025010556	0.026609428	0.038666187	0.038302048
AT1G55370	0.003666725	-0.036784064	-0.028133122	0.047440255	0.119382996	0.209919147	0.207103564	0.205386422	0.240875017	0.24042976	0.199986127	0.201707264	0.208155501	0.200985093	0.212603795	0.20864735	0.205961878	0.225046449	0.226882191	0.218730277	0.213656245	0.234039146	0.22553225	0.216521874	0.203467084	0.181175504	0.098259681	0.050926774	-0.021954337	-0.018856583	-0.015025065	0.027105939
AT1G56500	8.43E-4	1.41E-4	6.67E-4	0.034267981	0.058290218	0.065979519	0.051085424	0.021525938	0.010267066	8.15E-5	-0.007787746	-0.010392924	-0.014101353	-0.015881456	-0.010740603	-0.013521618	-0.010055288	-0.015741786	-0.002522979	-0.002796524	-0.008244338	0.003294667	0.014422391	0.030047803	0.074563997	0.110557375	0.150624147	0.176093847	0.166866849	0.16812303	0.171466132	0.182193173
AT1G65230	-0.010150358	-0.023289326	-0.054088047	-0.097531385	-0.164101099	-0.224022745	-0.352181983	-0.427911426	-0.496655074	-0.56820778	-0.623421599	-0.686592819	-0.692011371	-0.699269361	-0.701139133	-0.689750641	-0.654064826	-0.624918078	-0.582556602	-0.535652568	-0.511482853	-0.429145373	-0.353813049	-0.249787367	-0.127998555	-0.032883444	0.043478649	0.063594622	0.070342299	0.078256644	0.097224609	0.092510587
AT1G65260	0.049104732	0.014750592	-0.065449499	-0.004166051	-0.008715911	0.014202756	-0.025474062	-0.028601361	-0.021851551	-0.041670555	-0.084549159	-0.03933099	-0.017252095	-0.035848957	-0.051734947	-0.014860583	-0.027319904	-0.062604027	-0.047747815	-0.050686766	-0.024790609	-0.024852096	-0.027169059	-0.053911429	-0.006433333	-0.02910457	5.92E-4	-0.009591081	0.019538455	0.039429003	0.031765343	0.026093614
AT1G66670	-1.04E-4	-5.19E-4	0.023838437	-0.015563272	-0.024770217	-0.027990989	-0.017285678	-0.016063158	-0.011451855	-0.012012292	-0.018117099	-0.016699251	-0.016215898	-0.01605389	-0.006356793	-0.00223919	-0.004205816	0.003213572	0.007480998	0.008355128	0.006918866	0.010359366	0.009104297	0.005706004	0.003321312	-0.005547966	4.85E-4	0.019691535	0.013312457	0.013643398	0.018465349	0.010402869
AT1G67280	0.008435663	-0.005976527	0.003941081	-0.026412035	-0.027106304	-0.02076929	-0.017856176	-0.007317234	-0.013298303	-0.002178688	-0.002802154	-0.008741349	-0.006979788	0.00223659	1.92E-5	0.005141966	0.005213533	0.013081298	0.015618987	0.010831914	0.019423281	0.027228908	0.023145071	0.027675838	0.02858815	0.028205587	0.019145284	0.020329851	0.013985815	0.010663284	0.007821917	0.017494675
AT1G67700	0.038233083	0.046598181	0.125125416	0.286356899	0.399983473	0.417371336	0.392669045	0.353286504	0.325828178	0.304509008	0.295140584	0.287706614	0.297745038	0.301210058	0.31092484	0.323603603	0.34094773	0.351996907	0.355833119	0.358194263	0.371336429	0.374789706	0.371283294	0.355238188	0.345060477	0.321655163	0.270964318	0.218596985	0.177604859	0.139076259	0.088137481	0.039881476
AT1G67840	0.039037489	0.045206809	-0.015421398	0.010878299	-0.03462613	-0.029870411	-0.035199385	-0.012221032	0.051429049	0.03754026	0.008388591	0.022681952	0.027757176	0.031096072	0.05415548	0.054311726	0.064096947	0.068885865	0.070578499	0.066674413	0.049827083	0.033635527	0.057080002	0.018410999	0.032150147	0.052317176	0.063734112	0.071380175	0.017148262	0.114495796	0.062281287	0.092461438
AT1G71500	-0.031862989	-0.006692556	0.001080794	-0.002879704	-0.051287297	-0.120059096	-0.220500157	-0.283001433	-0.344461408	-0.372408233	-0.390184999	-0.406362537	-0.393862715	-0.399711519	-0.381878329	-0.396084817	-0.395166458	-0.402076571	-0.397654686	-0.374221722	-0.386747095	-0.322618707	-0.25121632	-0.167225906	-0.047410134	0.068594219	0.139750477	0.136363996	0.115459167	0.095326138	0.061165745	0.038423677
AT1G72640	0.035614544	-0.016954928	-0.034996604	-0.029916545	-0.015374213	-0.025652256	-0.030743981	-0.02817232	-0.038559059	-0.050718843	-0.03978583	-0.056739367	-0.044567478	-0.03995555	-0.042422472	-0.03830901	-0.044770574	-0.039000179	-0.031901831	-0.046254469	-0.042576197	-0.032053519	-0.046298928	-0.03584199	-0.040747904	-0.040231788	-0.041306918	-0.03815974	-0.043943286	-0.036457657	-0.009884712	0.019388491
AT1G73530	-0.479311151	-0.00643681	-0.074801195	-0.238834165	-0.368284742	-0.391279945	-0.572816897	-0.901717106	-1.120058924	-1.317324759	-1.444995254	-1.474372856	-1.425386663	-1.503239233	-1.459943843	-1.3756858	-1.37677002	-1.307934934	-1.195797759	-1.097624684	-0.949024658	-0.814481112	-0.632452069	-0.369382702	-0.184428429	0.083740938	0.188192396	0.223212239	0.133640147	0.074559819	0.08212569	-0.074057975
AT1G74070	0.048714833	0.054139062	-0.009033112	-0.00251788	-0.02871182	-0.010510748	-0.036430365	-0.032087874	-0.018958635	-0.027664361	-0.024569789	-0.028216856	-0.0360445	-0.031574329	-0.017196631	-0.010593175	-0.001026316	-0.00964382	-0.00795645	0.008415612	0.021665564	0.005210399	0.005780081	0.03073324	0.028474891	0.057983392	0.04035876	0.056304748	0.039042396	0.064556376	0.07576819	0.072028711
AT1G74710	-0.036990822	-0.009573288	-0.005563238	-0.013728618	6.16E-4	0.006480835	0.02318018	0.015068386	0.009817693	0.001755368	0.005136569	9.15E-4	0.003551051	-0.003496235	0.007146067	-0.002197822	-0.01466675	0.00999373	0.010390158	0.001936129	-0.004478728	0.001930937	-0.007936456	3.59E-4	0.005498592	0.009365819	0.002178009	-0.001303633	-0.003739908	-0.027915194	-0.034596473	-0.052051632
AT1G74880	0.023629828	-0.001503925	-0.036955096	-0.006492642	0.021799448	0.019752506	0.022751839	0.01667321	0.03425837	0.0202428	-0.002756642	-0.002631916	0.004074889	0.004214862	0.01506426	0.00594475	0.006542936	0.014971591	0.029789327	0.016252596	0.021901338	0.027190355	0.025950298	0.025686834	0.041163594	0.028484143	0.019563825	0.018003343	-0.009567435	-0.020967674	-0.006826949	0.006417989
AT1G75690	-0.075125067	-0.045801022	-0.036457419	-0.026891355	-0.006988612	0.007024868	0.007403356	0.007510834	0.020626479	0.017743428	0.027315286	0.024767141	0.020543346	0.015404859	0.009064798	0.012015546	0.003711147	-0.006722281	-0.008271467	-0.024192093	-0.03975086	-0.053862577	-0.058854046	-0.035472038	0.003121589	0.053905971	0.10697421	0.110106554	0.103209502	0.092106283	0.053752215	0.032828322
AT1G76760	-0.006189678	-0.006318676	-0.020359653	-0.012816201	-0.006292991	-0.031392974	-0.01034981	-0.014722469	-0.006328289	-0.004219421	-0.001716878	-0.007899062	0.013862123	-0.00364299	-0.00299297	0.008052787	-0.004374119	0.016844236	0.0026593	0.002340862	0.005809714	0.002846708	0.002195992	-8.83E-4	-0.008171866	-0.009687905	-0.01676943	-0.011614781	-0.001221334	-0.003751372	0.010697017	0.007621283
AT1G78915	0.026193247	0.045245939	0.032801994	0.066784518	0.026722629	-0.003860256	-0.051022309	-0.032046762	-0.005762179	-0.044806061	-0.013494143	0.009312151	7.76E-4	-0.002873393	0.017971316	0.010237871	0.013610493	0.025533215	0.006647578	0.008519275	0.003202738	0.019321431	0.029159835	0.026435414	0.03424885	0.043285019	0.089137088	0.063131033	0.065792391	0.027684812	0.012765521	-0.001945486
AT1G79040	-0.059563265	-0.074082945	-0.115616915	-0.164117385	-0.254548002	-0.370708754	-0.582688909	-0.73007091	-0.872478498	-0.979600332	-1.042551068	-1.113568147	-1.080001927	-1.075421803	-1.059043385	-1.049871601	-1.006023681	-0.957934217	-0.916903081	-0.859835227	-0.802962481	-0.706716399	-0.611073614	-0.484280337	-0.329800907	-0.207277387	-0.132378032	-0.107384657	-0.107439883	-0.099873624	-0.071864779	-0.060738932
AT1G79230	0.008368317	0.020113685	0.009657538	0.001251927	-0.011308995	-0.024622904	-0.038772358	-0.055743159	-0.054064645	-0.042491889	-0.031233839	-0.040587269	-0.045541133	-0.032608738	-0.032702021	-0.043610347	-0.039361716	-0.037167151	-0.038523362	-0.042181917	-0.044600001	-0.034766749	-0.045974073	-0.031412532	-0.025713356	-7.88E-4	0.006053942	0.010297729	-0.002826861	0.012422041	0.027891225	0.034584745
AT1G79450	0.04081976	0.017807673	0.007522952	0.030717636	0.061633621	0.067211079	0.037907844	0.050134374	0.054645298	0.008961498	0.016055314	0.038824508	0.020617224	0.04729279	0.043639359	0.036766406	0.047524925	0.054400125	0.056398305	0.073546942	0.060874949	0.084156992	0.104736728	0.105177591	0.137616086	0.100200595	0.12524174	0.138954037	0.133420626	0.104913358	0.083086367	0.117420841
AT1G80030	-0.003341644	-0.014536069	-0.009912611	-0.009258212	0.005475559	0.012075312	-0.001674124	-0.009728116	-0.026039521	-0.031206491	-0.037394629	-0.039942935	-0.039678158	-0.040850391	-0.035772227	-0.024051226	-0.023036966	-0.014067472	-0.003182343	0.00263868	0.015744775	0.019843519	0.033296667	0.044627091	0.0436242	0.049135	0.028244344	0.007557296	-1.84E-4	-0.002431363	-0.002700791	-0.004210172
AT2G01140	0.105723205	0.101387723	0.137633256	0.081509417	0.100373705	0.111207288	0.138739969	0.09565606	0.107395475	0.108797416	0.083743483	0.12768245	0.13213834	0.114870037	0.127931265	0.103262782	0.098326149	0.122916671	0.120039601	0.129158295	0.123053374	0.127460932	0.122853893	0.136787329	0.17771993	0.181927088	0.196415739	0.199811552	0.1698816	0.189288327	0.174330045	0.204098878
AT2G01918	0.005627658	-0.028163104	-0.013084987	0.044139141	0.144998246	0.200549701	0.229955275	0.228284238	0.207971661	0.207074869	0.196564792	0.185943416	0.191107422	0.192571535	0.195113861	0.193583173	0.200049692	0.204554349	0.208220325	0.191473987	0.190139192	0.203878982	0.19829059	0.197347432	0.170172246	0.146265911	0.079585673	0.02113554	-0.035618735	-0.039060229	-0.032665364	0.018461167
AT2G17630	0.006305497	0.001918344	0.002203983	-0.015236423	0.004594602	0.011720004	0.01294522	0.022590673	0.018469797	0.022642339	0.028857194	0.015122364	0.01905098	0.023429992	0.029743647	0.030384884	0.003227012	0.021648755	0.031009102	0.037506202	0.043042606	0.039729702	0.024550353	-0.196446798	0.033508952	0.02243521	0.041698482	0.005400191	0.022875588	0.00600889	0.011599517	0.011047133
AT2G18790	0.233067533	0.291833872	0.374101389	0.336219896	0.356847398	0.444838019	0.468977718	0.473388213	0.408689479	0.355522943	0.289725374	0.231039117	0.22044774	0.181140286	0.138516738	0.114634705	0.088278625	0.068338448	0.077858091	0.080335748	0.086352893	0.12236143	0.199223457	0.260847698	0.320251996	0.384190568	0.423615305	0.353364495	0.388885783	0.318316158	0.293096176	0.287919067
AT2G20260	0.087188285	0.063126018	0.082005092	0.051957546	0.098819392	0.109023152	0.132875953	0.148972565	0.142651783	0.140565471	0.16687561	0.153221776	0.154393971	0.166349639	0.171498391	0.177641932	0.145215639	0.157654638	0.169631686	0.169451863	0.188132025	0.181865554	0.191898852	0.164022627	0.173650786	0.165328594	0.145935292	0.10669114	0.104094287	0.104512166	0.110034226	0.112124276
AT2G20270	0.01756975	0.004025882	0.014449133	0.015780401	0.001870557	0.009035502	0.004202116	-8.15E-4	4.21E-4	0.00525443	-0.003920866	-0.00490321	-0.012833736	-0.003330433	-0.005209471	-0.01200083	-0.008718093	-0.007727834	-0.012468282	-0.013238349	-0.022994327	-0.004824946	-0.02036326	-0.047842615	-0.001285636	-0.001770226	0.008389428	0.004005168	0.017318333	0.003546849	0.026596427	0.007908879
AT2G21160	0.013167101	0.006428704	0.001640944	0.010638297	0.003852274	-0.004475766	-0.022648988	-0.015033018	0.006110679	0.004989661	0.014364628	0.026701699	0.027526666	0.039305947	0.032170369	0.041514265	0.042834991	0.043834315	0.02380109	0.030629286	0.038650673	0.04292848	0.044945676	0.049956149	0.046801103	0.049042737	0.039164556	0.041884504	0.05426538	0.040573136	0.036677268	0.033446142
AT2G21530	0.015372856	0.029569072	0.022702489	0.031111075	-0.004223552	-5.35E-4	-0.035661721	-0.037225984	-0.031720183	-0.021280609	-0.019181333	-0.012902635	-0.011979353	-0.00665318	-0.01842426	-0.009895987	-0.014519113	-0.012135209	-0.001089498	-0.017205467	-0.00511179	-0.006557009	-0.017227046	-0.009817795	0.004587724	-0.004482097	0.014976524	0.021206147	0.012888568	0.013983865	0.018622292	0.019438728
AT2G22360	-0.051578414	-0.031093823	-0.026747749	-0.00250754	0.026074513	0.063798702	0.106641902	0.115160571	0.113030306	0.112131621	0.107631928	0.108611816	0.109806367	0.111310716	0.100471448	0.108838837	0.106364307	0.114193323	0.118223956	0.120718898	0.128953247	0.129392955	0.127696422	0.11865694	0.107828386	0.075832783	0.011651475	-0.016447509	-0.029330601	-0.038663588	-0.037565052	-0.048880563
AT2G24020	0.018350306	0.01061547	0.001835581	-0.007766016	-0.01226793	-0.004286241	-0.023175083	-0.020441721	-0.016946237	-0.014060041	-0.008406067	-0.002286036	-0.008662495	-0.013833456	-9.3E-4	-0.003588313	-0.007042733	-0.025224659	-0.015479888	-0.03122559	-0.019816606	-0.019055274	-0.019686385	-0.020627085	-0.027552791	-0.022716058	-0.018402128	-0.022144799	-0.013444193	-0.020529503	-0.009041479	-0.008215184
AT2G26340	0.005249929	0.010680102	-0.01241563	-0.025370577	-0.044309606	-0.0726732	-0.138258997	-0.163438964	-0.198897182	-0.223135059	-0.240132332	-0.257633265	-0.273745573	-0.286495488	-0.285155926	-0.287642945	-0.289673038	-0.293285368	-0.293450991	-0.284951364	-0.277902183	-0.252453911	-0.222749379	-0.186162805	-0.129863201	-0.057350818	-0.009717067	0.01841379	0.030439218	0.033871217	0.049176931	0.049530737
AT2G26360	0.102522373	0.204523494	0.200722021	0.345009006	0.575497469	0.661983192	0.580064231	0.512119785	0.393613101	0.289130654	0.256999073	0.155597281	0.19462416	0.215898939	0.23730466	0.237993532	0.270948812	0.311857829	0.376701528	0.40647533	0.474712054	0.560045724	0.602039612	0.730956827	0.82259668	0.851576794	0.83933964	0.74161699	0.695512565	0.632359212	0.557521456	0.461835558
AT2G26550	-0.114868839	-0.140047241	-0.136449695	-0.093409144	-0.019492085	0.035008879	0.026937402	-0.006749717	-0.030160178	-0.12729135	-0.150878952	-0.18865243	-0.19539711	-0.198867985	-0.189474842	-0.222018787	-0.231795404	-0.234177765	-0.237418341	-0.22298942	-0.207761525	-0.177187279	-0.139558485	-0.102718287	-0.04476682	-0.019932024	-0.024271778	-0.091994105	-0.126478539	-0.182014142	-0.162033686	-0.131572943
AT2G27290	0.035896041	0.023068358	0.020971188	0.043714303	0.018981719	0.008056735	0.008985777	0.01813361	-0.002239299	-0.00429324	0.00447129	0.004460504	0.008327967	0.001498977	0.010880203	2.29E-4	0.008341867	0.020391939	0.017178071	0.018234335	0.011317228	0.006035059	0.019302221	0.030238369	0.014656039	0.030216109	0.027035767	0.032112232	0.017771058	0.015569087	0.013811664	0.027386076
AT2G29180	-0.004308317	0.008390478	0.02167375	0.056256024	0.123320302	0.153873971	0.156664915	0.144381802	0.134990253	0.130945554	0.115507235	0.102093231	0.113296753	0.11163488	0.120885203	0.136557251	0.144578465	0.142842276	0.131362677	0.141937287	0.143503494	0.142865849	0.148890425	0.139928925	0.134463698	0.117983895	0.078177565	0.040749593	0.010739167	-0.008610253	-0.030051831	-0.03228062
AT2G29500	0.017352787	-0.005880223	0.037769084	0.013046885	0.041619175	0.079524167	0.105671096	0.117993358	0.119991183	0.147115437	0.167787265	0.159319582	0.164321301	0.164376135	0.152658511	0.177744385	0.147017061	0.146459291	0.160476441	0.179004211	0.185982562	0.176741916	0.142642049	NaN	0.138375802	0.102779258	0.092799993	0.035577155	0.057216347	0.056807928	0.042553249	0.045001228
AT2G30695	-0.007264027	-0.011526081	-0.018167827	-0.009853227	0.057077284	0.145180634	0.222446637	0.240166769	0.249341819	0.264445032	0.25794926	0.24607051	0.249299801	0.242208512	0.249631289	0.257056011	0.269993822	0.274857553	0.289319361	0.303211015	0.309227322	0.330425454	0.32447115	0.322763679	0.271706335	0.197681282	0.055039236	-0.014282681	-0.028127759	-0.02097606	-0.010636604	-0.012780196
AT2G30950	0.011716436	0.020895616	0.019633136	0.022126001	0.039433851	0.053731799	0.074245657	0.08913636	0.09739609	0.097873809	0.086650085	0.093244556	0.085935359	0.086007702	0.072101345	0.084560334	0.08088746	0.079205333	0.075825525	0.063339465	0.065030794	0.060583056	0.058866246	0.050132484	0.044810677	0.040718508	0.039152347	0.03561915	0.027319932	0.026449891	0.025575939	0.019991123
AT2G35040	0.015109502	0.017110414	0.020901263	0.02432498	0.028468661	0.050690171	0.047139843	0.050985177	0.065543026	0.046064183	0.049740095	0.023845822	0.017989295	0.018288534	0.028021171	0.025842083	0.014076606	0.038532574	0.005002707	0.022368332	0.016001238	0.027320043	0.034870025	-0.092812193	0.046979963	0.030092902	0.054824398	0.049712533	0.039241151	0.056487815	0.050275203	0.051815068
AT2G37230	0.015131961	0.013903962	0.013121872	0.025460079	0.006734554	-0.008446102	-0.017098439	-0.010825237	-0.016365895	-0.008750626	-2.85E-4	-7.26E-5	-0.007971641	-0.001071039	-0.023287553	-0.01450239	-0.016472872	-0.018762938	-0.007623049	-0.009806004	-0.013626984	-0.014353888	-0.00782734	-0.004854421	-0.002894634	0.001532011	0.01468197	-0.00391717	-0.006641011	-0.012518505	-0.001698303	-0.007464279
AT2G37400	0.093907031	0.087289626	0.080489509	0.050669533	0.069273209	0.050051761	0.020379887	0.006084765	0.024748944	0.027187053	0.026764528	0.012046887	0.030790587	0.030250356	0.026972095	0.033587708	0.047497991	0.059049049	0.068802945	0.060673996	0.064383877	0.071188239	0.091065138	0.082212168	0.082051233	0.076593939	0.093430565	0.080934692	0.088962782	0.088523895	0.099500986	0.108245836
AT2G37660	0.019157443	-0.007832729	0.010454745	0.016151997	0.043874035	0.066134525	0.087431184	0.105569107	0.108137085	0.112479543	0.124382422	0.111063744	0.101283138	0.108466044	0.114309543	0.110145872	0.093958445	0.097003777	0.095100552	0.113949382	0.095892115	0.107193427	0.093043588	0.048328163	0.09229185	0.074713666	0.069107965	0.026958579	0.024831646	0.0081493	0.02603526	0.025418294
AT2G40100	0.019294991	-2.82E-4	0.032533735	0.025912624	0.044939087	0.046641285	0.087306029	0.111844649	0.111066759	0.112103152	0.130467821	0.106287735	0.128529497	0.107262384	0.121138276	0.134821477	0.099670826	0.102793135	0.116512336	0.130757432	0.134718375	0.145638864	0.140426949	NaN	0.14235627	0.12078862	0.11629189	0.052883118	0.063018346	0.062641665	0.068621918	0.053117828
AT2G40400	0.01281248	8.86E-4	-0.019832905	-0.014517417	-0.005168028	-0.004183059	-0.022763879	-0.023021175	-0.030374304	-0.038943141	-0.047046336	-0.058298293	-0.056335056	-0.068581098	-0.062363231	-0.053304097	-0.046671829	-0.055299723	-0.042441501	-0.043399474	-0.037458209	-0.022958389	-0.018533056	0.002135323	0.010790905	0.026855434	0.011930939	0.013955853	-0.007729412	0.004309775	0.011956578	0.023403865
AT2G40760	0.010983834	0.009978242	0.002841975	-0.001223473	-0.005571203	-0.023360213	-0.037113725	-0.040874844	-0.027221371	-0.03104222	-0.023361572	-0.034510614	-0.034331497	-0.041557124	-0.037666777	-0.04131861	-0.033373921	-0.046598536	-0.043630201	-0.050718532	-0.041984076	-0.032862414	-0.038835785	-0.033872222	-0.032889499	-0.010405552	-0.010093883	0.009684955	-0.007379637	0.003172838	7.15E-4	0.014607865
AT2G41330	0.012456013	-0.006810992	0.02531216	0.013934435	0.037612986	0.048843992	0.052688171	0.068626912	0.04815536	0.06542858	0.075660158	0.06273921	0.055397572	0.059378433	0.056159821	0.077285218	0.047652541	0.057076324	0.052959717	0.050188571	0.063927568	0.056781003	0.039456578	-0.102616121	0.047612526	0.052961352	0.045631716	0.035950546	0.037702586	0.024388768	0.023837458	0.012620222
AT2G41680	1.691008176	1.145156874	0.689090859	0.638414475	0.544736424	0.220995581	0.124687985	-0.057446329	-0.098315699	-0.194509933	-0.203297819	-0.230629188	-0.227096385	-0.218272636	-0.197975963	-0.196514668	-0.136636543	-0.117445539	-0.037307141	-8.26E-4	0.062683067	0.150852892	0.251433868	0.31908522	0.454835154	0.51274338	0.553037251	0.581142473	0.695904906	0.983661353	1.595870046	1.242730504
AT2G42240	-0.15325745	-0.099822259	-0.160728775	-0.136084439	-0.185322094	-0.150193586	-0.138650002	-0.158370136	-0.105164179	-0.109312049	-0.076735675	-0.110631206	-0.119714029	-0.1039539	-0.092426685	-0.09780583	-0.089377531	-0.116412723	-0.123250135	-0.126936757	-0.135830643	-0.15327171	-0.137082502	-0.152392856	-0.168412386	-0.176941506	-0.157897832	-0.144290664	-0.24609264	-0.166754332	-0.202460445	-0.095965526
AT2G42975	0.03471649	0.022259749	0.039382567	0.030379969	0.027022212	-0.001598344	-0.026936789	-0.046560849	-0.044735698	-0.045143439	-0.046759173	-0.043923505	-0.049493673	-0.045699725	-0.056396403	-0.055503094	-0.061877303	-0.052878932	-0.053305771	-0.038136918	-0.039753454	-0.046382913	-0.040333792	-0.024104198	-0.020284425	0.006605903	0.026142414	0.056193149	0.050729337	0.056421984	0.05076413	0.050873678
AT2G43010	0.01512898	-0.004330649	-0.009097901	0.002542699	-0.004316155	0.004460792	-0.013243143	-0.013682022	-0.014141666	-0.02473587	-0.022581437	-0.011324447	-0.027415057	-0.015046525	-0.018212407	-0.009141186	-0.002859963	-0.005230276	-0.013828418	-0.031455852	-0.012274756	-0.005534116	-8.42E-4	-0.022379	-0.030194039	-0.016316898	-0.017530113	-0.032009788	-0.033183041	-0.015320506	-0.029792056	-0.027138658
AT2G44990	0.027914105	0.007698402	0.020087783	0.008968183	0.019332091	0.059482796	0.078883145	0.104787344	0.119556759	0.120307105	0.14103681	0.125488056	0.124995914	0.132071829	0.135061853	0.145185779	0.122470676	0.131352293	0.147699726	0.150023578	0.171470928	0.169043294	0.171745678	0.101463072	0.139294601	0.112188892	0.070631404	0.032946181	0.032177866	0.0228297	0.037165268	0.040597599
AT3G01440	-0.130248012	-0.239345578	-0.109983396	0.039881486	0.333917579	0.452003356	0.525027756	0.497080378	0.455096346	0.442392323	0.405503462	0.389137053	0.400329497	0.388426763	0.373967724	0.369377829	0.372194008	0.366461131	0.388546633	0.399152956	0.406199115	0.428176607	0.456883757	0.463612048	0.460277892	0.366246026	0.205410161	-0.010902883	-0.250364429	-0.809447346	-0.900330604	-0.179381911
AT3G01480	-0.24445143	-0.173451018	-0.138102078	-0.122533257	-0.228853953	-0.282896639	-0.466319313	-0.603194721	-0.72753458	-0.811168705	-0.852173022	-0.927549312	-0.968387951	-0.955681254	-0.894118474	-0.868769258	-0.849198597	-0.808353171	-0.763780083	-0.685498647	-0.670625652	-0.55302422	-0.414917028	-0.315768439	-0.133599321	0.021076546	0.148950865	0.204029517	0.221195993	0.193733021	0.192890029	0.159431113
AT3G08920	-0.023343111	0.020728607	0.077951653	0.23874879	0.373969398	0.414650336	0.37487991	0.339803101	0.299793776	0.26643578	0.232679028	0.199323356	0.20392277	0.205565827	0.212157463	0.223747989	0.236539266	0.255987229	0.268026581	0.283709682	0.284326797	0.319584674	0.348082899	0.3714818	0.391014255	0.38879256	0.338694647	0.271750543	0.187095156	0.133747971	0.086408898	0.051124365
AT3G10130	-0.005306036	-0.012147231	-0.03255642	-0.038397731	-0.025630113	-0.029610251	-0.014046785	-0.016476797	-0.015135548	-0.02158767	-0.021865591	-0.033140542	-0.042804425	-0.045457582	-0.050240966	-0.044492566	-0.046498388	-0.04934314	-0.052191575	-0.048052079	-0.048096574	-0.050815169	-0.051579543	-0.047708253	-0.047495967	-0.041585601	-0.045487807	-0.036557196	-0.021709323	-0.013840052	-0.015669732	-0.012883373
AT3G10470	0.002142917	-0.007381936	-0.007134612	-0.009071131	-5.72E-6	0.012893302	0.039247647	0.05158128	0.049319293	0.055243945	0.038764287	0.041153514	0.020663592	0.030963631	0.030374388	0.046271361	0.04444869	0.036832305	0.044495737	0.045977812	0.060600356	0.05462385	0.068535597	0.056285654	0.041387564	0.038710458	0.011779832	0.015924359	0.020657823	-0.001417408	0.020646374	0.009153636
AT3G15110	-0.036004591	-0.041375158	-0.039755904	0.016671774	0.113179089	0.16810471	0.200788522	0.197033109	0.194204346	0.180410112	0.170812106	0.160250667	0.15419195	0.165162909	0.161171364	0.176620804	0.167199805	0.177287915	0.181250814	0.180353029	0.184118014	0.194519045	0.188208382	0.175698791	0.145414994	0.101860603	0.02088421	-0.013720495	-0.053736856	-0.078236051	-0.080152206	-0.030024998
AT3G15360	0.014524188	-0.033375221	-0.0458491	-0.047467816	-0.058348568	-0.085348243	-0.098480376	-0.107231922	-0.118484913	-0.133163979	-0.137705823	-0.146935185	-0.153613303	-0.153019104	-0.163907273	-0.162970446	-0.155358277	-0.154538787	-0.150718234	-0.144932247	-0.128305844	-0.117053127	-0.10944424	-0.082377196	-0.051495952	-0.023575316	-0.012728792	-0.008306525	-0.002116176	0.008096598	0.032076907	0.044350502
AT3G15840	-0.028672795	-0.060529044	-0.061655455	-0.079402042	-0.107877975	-0.152855803	-0.192787871	-0.234857188	-0.249300339	-0.264566078	-0.282178121	-0.292627563	-0.308812375	-0.311052045	-0.313227948	-0.316671284	-0.314878643	-0.299093854	-0.291396505	-0.279283259	-0.273726137	-0.243724579	-0.217721671	-0.170895479	-0.126108681	-0.086932397	-0.054782901	-0.049983576	-0.05346936	-0.029690587	-0.01970726	0.045559247
AT3G17830	0.03708212	0.719532274	1.63190443	1.884460917	1.899080806	1.80012382	1.577450791	1.382818814	1.2176613	1.118532367	0.985738052	0.912493624	0.948823293	0.958307603	0.967963728	0.966305891	1.010196735	1.056458565	1.122857579	1.177425271	1.203233087	1.341383333	1.469602225	1.602028157	1.740863413	1.842810018	1.893904615	1.89700812	1.827699303	1.590132681	1.025715697	0.248648482
AT3G19490	-0.022556158	-0.001816876	0.029012142	0.090984539	0.283788249	0.481271198	0.579337875	0.611245641	0.608216429	0.548264078	0.526368594	0.472962632	0.47709409	0.458820834	0.478268571	0.498786829	0.537031462	0.543999416	0.586448376	0.603477372	0.631894999	0.678925047	0.714402686	0.763820662	0.755639025	0.697618041	0.54601282	0.378907719	0.262315329	0.164906419	0.106076846	0.004059355
AT3G21055	0.006028611	0.002971778	0.006993664	2.79E-4	-0.005236328	-0.030751006	-0.062103686	-0.090412644	-0.10937212	-0.130143636	-0.147717446	-0.163623157	-0.186174113	-0.204230854	-0.217938232	-0.22870629	-0.237094759	-0.251472445	-0.242674701	-0.236511173	-0.235354229	-0.210390334	-0.180280664	-0.139398347	-0.079177937	-0.023989681	0.021739425	0.03520738	0.032192916	0.023398517	0.026429298	0.029032173
AT3G22690	0.022818786	0.012711889	0.002300453	0.010942254	0.027127814	0.044280488	0.051858819	0.056978268	0.048710155	0.04354059	0.039924867	0.0294118	0.033123521	0.046501589	0.0410478	0.039629395	0.046386255	0.041453553	0.042003288	0.046394854	0.041940293	0.048572472	0.044157192	0.030839013	0.026784653	0.013429621	-5.34E-4	-0.005851246	-0.009914716	0.001330221	0.001115742	0.005032759
AT3G24590	0.004832067	4.04E-4	0.015142742	0.010771842	-0.007110294	0.001951447	0.006785198	0.003830841	0.003290399	0.009096704	-0.001621257	0.00686989	0.006396411	0.002103962	-0.003853983	0.008754055	0.007848855	0.019534125	0.017791635	0.009387754	0.029902539	0.027902211	0.029215521	0.027299061	0.010546409	0.018193265	0.006231298	-0.001181437	-0.008071996	-8.35E-4	0.007408516	-0.002049815
AT3G25480	-0.023721957	-0.035956183	-0.041384072	-0.052598477	-0.068427567	-0.059107072	-0.077986952	-0.09192822	-0.113475791	-0.126381617	-0.154658628	-0.192503923	-0.198576422	-0.228623424	-0.233580152	-0.249244746	-0.240636013	-0.249216693	-0.239628834	-0.233167385	-0.222100103	-0.189789394	-0.161381774	-0.132531755	-0.088954396	-0.050385603	-0.021641925	-0.024978926	-0.037186449	-0.019130547	-0.024628404	-0.025006583
AT3G26080	-0.06111588	-0.075404345	-0.05038186	-0.079451036	-0.061256839	-0.113166664	-0.116839805	-0.127886452	-0.117373005	-0.089823167	-0.076427423	-0.079869857	-0.061025121	-0.094175887	-0.089421314	-0.081821184	-0.103843285	-0.113046296	-0.1053482	-0.124773061	-0.086734045	-0.101274843	-0.132651271	-0.126355984	-0.160714447	-0.144395446	-0.114142626	-0.0872607	-0.111263576	-0.11993891	-0.169040574	-0.124612002
AT3G26580	0.052141226	0.055055578	0.047357349	0.047275072	0.030451903	0.041774172	0.051524365	0.047259615	0.061174445	0.042798515	0.046879253	0.060339559	0.070057996	0.058494638	0.067675869	0.062833729	0.065491238	0.069625336	0.055894208	0.058243119	0.05044717	0.067451579	0.07539454	0.073102432	0.094257438	0.101797846	0.114977175	0.1087572	0.105534393	0.096831715	0.082586633	0.107482041
AT3G28850	0.008059068	0.031052391	0.020405085	0.037539649	0.030554404	-0.008712218	-0.043939793	-0.052325692	-0.056517417	-0.07159267	-0.076601526	-0.084876957	-0.112024066	-0.110342509	-0.124022479	-0.112562893	-0.117922089	-0.104571987	-0.115911419	-0.11301628	-0.107092731	-0.102113107	-0.099420965	-0.082781856	-0.049733085	-0.0047195	0.026734384	0.054167872	0.049693444	0.046466163	0.029467846	0.02697115
AT3G46610	-0.072802157	-0.027289175	0.005617794	0.011108723	-0.019033021	-0.137815886	-0.287187041	-0.395969882	-0.474750049	-0.550882647	-0.54942343	-0.595018275	-0.543696948	-0.513734546	-0.459655914	-0.439213612	-0.380718408	-0.35795229	-0.293383233	-0.261082118	-0.224555827	-0.158765356	-0.089844715	-0.014258656	0.087030769	0.157413889	0.184256255	0.143460165	0.085693644	0.030115754	-0.0377716	-0.040819752
AT3G46780	-0.013540472	-0.045590833	-0.047946196	-0.059683166	-0.106103397	-0.163893401	-0.231451947	-0.258260151	-0.283205485	-0.284426705	-0.286701194	-0.287918915	-0.285426092	-0.283682165	-0.278743663	-0.277291505	-0.272575388	-0.266352464	-0.26490671	-0.254160372	-0.244169992	-0.230499934	-0.219471425	-0.193066053	-0.159156375	-0.101966669	-0.050814649	-0.029426252	-0.038013766	-0.040520293	-0.04992211	-0.038331401
AT3G47060	0.020178834	0.00891253	0.005149714	0.013041669	0.018997958	0.018308112	0.009261426	0.00863515	0.016601357	0.018217027	0.025665195	0.028152714	0.026029852	0.028759745	0.033158848	0.03119711	0.032388621	0.036505782	0.032441501	0.034903681	0.041438662	0.031286829	0.027666445	0.027842278	0.02228002	0.020592618	0.022568097	0.019481926	0.015516482	0.017557344	0.01552675	0.008646457
AT3G47450	0.201874623	0.382446855	0.699901422	1.359927738	1.723840682	1.627698422	1.438765558	1.086275429	0.925590258	0.747980323	0.623778457	0.548619875	0.575640017	0.550200466	0.550788046	0.530756549	0.562818961	0.603186633	0.652116071	0.736549125	0.788764975	0.892083604	1.0667707	1.253271841	1.458120314	1.840142478	2.016464328	2.028270601	1.909589504	1.761575439	1.256068437	0.685143558
AT3G53560	0.022779998	0.022766424	0.01766321	0.022934931	0.006084297	0.006156328	-0.004328739	-0.016961284	-0.021078282	-0.026372987	-0.023860921	-0.026696387	-0.033326157	-0.029019097	-0.022859626	-0.019965718	-0.02213053	-0.028615642	-0.017345841	-0.021338906	-0.017996546	-0.012526237	-0.009681137	-0.002201674	-0.002314271	-3.54E-4	5.02E-4	-0.001633459	0.005574554	0.006668148	0.008471433	-5.77E-4
AT3G55330	0.018365206	0.006917206	0.017957695	0.007815634	-0.006270223	-0.021829174	-0.04234791	-0.050282468	-0.052561627	-0.037294194	-0.043852981	-0.028989548	-0.0386575	-0.045172997	-0.036429944	-0.028886938	-0.027609894	-0.037858909	-0.035594414	-0.045914558	-0.038254392	-0.029147469	-0.030567761	-0.028426716	-0.027238373	-0.008428414	0.013399143	0.020719605	0.009361245	0.028341616	0.03244113	0.022986886
AT3G56040	-3.8E-4	-0.011453066	-0.036314272	-0.067575064	-0.127681213	-0.257012358	-0.419305615	-0.541604132	-0.653929275	-0.770565632	-0.835410396	-0.888725418	-0.898143337	-0.917744578	-0.899009734	-0.870422218	-0.843684761	-0.808618209	-0.749073111	-0.700661903	-0.624040489	-0.545559784	-0.451040194	-0.327659523	-0.16535487	-0.075670485	-0.015569855	0.013677627	0.003412389	-0.008010773	-0.008643794	0.018906697
AT3G57680	0.027724339	0.015192769	0.008688271	1.11E-4	-0.010155898	-0.025539276	-0.026287485	-0.027234006	-0.034198931	-0.02243749	-0.03297751	-0.027996448	-0.026537462	-0.028226909	-0.031417757	-0.020580928	-0.024751796	-0.026398243	-0.018231751	-0.02720031	-0.021595291	-0.012429244	-0.016922156	-0.014804241	-0.01754132	0.00206113	0.006585126	0.009530557	0.006973835	0.004972053	0.006181932	0.012639968
AT3G58010	0.037805759	0.021584938	0.027025414	0.016990225	-0.006694404	-0.035505076	-0.068189112	-0.088703042	-0.105104972	-0.096514373	-0.104377616	-0.086812443	-0.104355214	-0.088856091	-0.096121014	-0.095973962	-0.09610637	-0.09565184	-0.096616926	-0.078078148	-0.09705709	-0.089143813	-0.069150997	-0.058797031	-0.050298793	-0.028615624	-0.006105481	-0.011050624	-0.00861812	-0.001935703	0.014808921	0.021601234
AT3G60370	0.032538129	0.031107945	0.024227065	0.044088334	0.07163675	0.069166829	0.05041119	0.043077337	0.049677007	0.029609009	0.057218562	0.047242179	0.036715846	0.059378668	0.071873695	0.069565223	0.073985106	0.083808337	0.085418832	0.073126665	0.083951683	0.101535614	0.111315377	0.099579618	0.086104178	0.09411973	0.066298188	0.052275348	0.052062532	0.058381923	0.048692833	0.045096052
AT4G01050	0.012026923	0.017799251	0.021340047	0.027651574	0.020099447	0.017727959	0.003273397	-0.006927897	0.00138727	0.004662702	0.003199594	0.01211836	0.013608082	0.01022783	0.01343306	0.016047067	0.006358657	0.017763283	0.017903329	0.015485407	0.011199399	0.011732211	0.008467507	0.001906951	0.007346223	0.012849867	0.014706774	0.027455196	0.023037391	0.017182545	0.009754285	0.012847136
AT4G01900	-0.002182062	-0.017475999	-0.011533969	-0.005124717	-0.00684063	-0.02789313	-0.046960529	-0.058201731	-0.044149569	-0.048723684	-0.045572238	-0.030403104	-0.032427326	-0.038287841	-0.033835586	-0.012168949	-0.036642661	-0.034792475	-0.026343784	-0.030680279	-0.040408205	-0.037964721	-0.033063889	-0.043293735	-0.044703828	-0.047977558	-0.038050379	-0.001838282	-0.021893564	-0.014082812	-0.023629531	-0.003798273
AT4G04020	-0.035136213	-0.034737143	-0.025539439	-0.011269202	8.58E-4	3.1E-4	0.002567931	-3.62E-4	0.024310827	-0.004171022	0.01041442	0.025841373	0.023726553	0.012825095	0.016565255	0.010756248	-0.004321404	0.006245505	-4.06E-4	-0.003263194	0.00270921	0.014345595	0.031960433	0.018289473	0.007903944	0.008492731	9.7E-4	0.008350172	-0.010658591	0.008531641	-0.015125723	0.022662203
AT4G13010	-0.031021567	-0.044655374	-0.030826351	-0.021466796	-0.028513929	-0.036101036	-0.038012319	-0.05767076	-0.046234588	-0.067911298	-0.047607028	-0.047409796	-0.03891096	-0.05871049	-0.046786163	-0.057172697	-0.059354026	-0.055925115	-0.06575798	-0.054036941	-0.063631676	-0.054259688	-0.053296341	-0.061999198	-0.066829036	-0.06266574	-0.049730189	-0.046958822	-0.058326359	-0.033570251	-0.043999868	-0.033195806
AT4G13670	0.035037147	0.031804359	0.029328189	0.03076885	0.032536528	0.035307569	0.017077495	0.005819635	0.001990436	9.73E-4	0.010582457	0.003423592	0.012055716	0.01774245	0.024175078	0.029990362	0.045810421	0.053463518	0.063769368	0.079870894	0.087618303	0.080914211	0.084663013	0.09420929	0.090353698	0.090942433	0.078223605	0.074860752	0.04982023	0.047793226	0.036870035	0.059763769
AT4G16155	0.006854936	0.010836761	-0.004499572	0.00336367	-0.012503851	-0.020531965	-0.067121113	-0.085950032	-0.102399361	-0.117902674	-0.119926016	-0.125728354	-0.119324051	-0.117866926	-0.105794182	-0.106240658	-0.100078666	-0.096037683	-0.098516454	-0.097938098	-0.091886833	-0.047769968	-0.017012996	0.008131096	0.052443917	0.101153541	0.139461161	0.131600806	0.124167369	0.135754749	0.121618273	0.117139527
AT4G18370	0.014822474	0.015823378	0.007992448	0.019874163	0.039142641	0.034853865	0.037009113	0.034459852	0.036334818	0.034061259	0.034064222	0.036950929	0.026310752	0.034515231	0.027548254	0.032754212	0.033571093	0.031360521	0.028829574	0.06468424	0.062066287	0.023791971	0.014923613	0.02542231	0.018053006	0.022712622	0.024453816	0.020481353	0.026172106	0.018017746	0.016772068	0.012015146
AT4G19830	0.090497858	0.091999982	0.077520239	0.072621157	0.055054511	0.020902346	0.006204352	-0.010846689	-7.56E-4	0.002301213	0.003761921	0.012511738	0.001816973	-0.006458058	0.002148955	-0.003190924	-0.008935254	-0.012784292	-0.011752615	-0.002960393	-0.014854679	-0.003093991	0.001679895	0.00747688	0.00751737	0.03490112	0.07206506	0.105350947	0.089587009	0.10489797	0.107021598	0.118690689
AT4G20820	0.027439829	0.029076073	0.017861824	0.012102043	0.016611835	0.002974544	-5.38E-4	-0.025463826	-0.016085742	-0.011082134	-0.017392385	-0.010921246	-0.004396371	-0.020898288	-0.002589602	-0.024248137	-0.019519304	-0.021281983	-0.025709736	-0.017026424	-0.016646389	-0.017902993	-0.00703142	-0.006086361	0.00138375	0.015924422	0.018292008	0.028003382	0.01657015	0.02736274	0.020312602	0.032442317
AT4G23890	-0.021702636	-0.078739627	-0.132222014	-0.046004385	0.09582311	0.201835572	0.262250244	0.266008463	0.276730372	0.254976511	0.246823821	0.234763876	0.238936346	0.239456416	0.229037983	0.230945288	0.226878024	0.216810317	0.218429757	0.221268135	0.213332647	0.223478695	0.226359526	0.214385219	0.187393039	0.139225253	0.028605684	-0.116583789	-0.2711698	-0.410851979	-0.25172608	-0.016038742
AT4G24750	-0.002001986	0.00264193	0.008648248	0.013923702	0.029892309	0.03145331	0.023095137	0.029108654	0.042664575	0.038246412	0.038734738	0.026640536	0.022029885	0.011456154	0.015608887	0.012981972	7.59E-4	-6.21E-4	0.005553381	-0.007186909	-0.012127777	-0.009667097	-0.018858791	-0.023444509	-0.020041465	-0.015267614	-0.017456287	-0.020696388	-0.004358582	-0.008172936	-0.007689711	-0.003254588
AT4G24930	0.012804555	-0.006192996	-0.00931245	-0.011639792	-2.65E-4	-0.019126105	-0.032232355	-0.03728303	-0.043999821	-0.033037427	-0.035723448	-0.028364517	-0.025398309	-0.028522531	-0.025132855	-0.022407979	-0.029563322	-0.026247877	-0.03511107	-0.035736977	-0.021763748	-0.020746922	-0.003486607	-0.02439616	-0.015512899	-0.00689326	-0.004662359	-0.001646664	0.003529683	0.006505016	-0.022529707	-0.007757014
AT4G25050	0.110700229	0.111751986	0.172698993	0.230097596	0.276177998	0.270741459	0.171962205	0.087468055	-0.002999064	-0.043736764	-0.075871465	-0.096334657	-0.049352227	0.022107952	0.027974316	0.065436137	0.149496786	0.158508198	0.237538388	0.291125364	0.287942356	0.401564792	0.544861139	0.63144407	0.75482036	0.893262109	0.956249515	0.958544546	0.937593872	0.958193571	0.907069426	0.906857361
AT4G25910	-0.119646538	-0.106682776	-0.009738609	0.159866523	0.365470235	0.445613268	0.445226039	0.411139984	0.381040947	0.288754572	0.301526783	0.245692856	0.265578253	0.280457924	0.302393113	0.322498737	0.360851111	0.383406427	0.427716751	0.465423242	0.521566231	0.580984219	0.638564335	0.726874696	0.823418907	0.891525239	0.871434939	0.80184738	0.687311584	0.51614724	0.363542819	0.267060417
AT4G27700	0.143543226	0.074538287	0.075240206	0.202085856	0.267923348	0.261976902	0.202307345	0.16731949	0.120146084	0.102411738	0.068487717	0.0431134	0.04249898	0.053691727	0.074896869	0.098416104	0.126905832	0.137166443	0.143951703	0.166291782	0.17886041	0.192430028	0.216780789	0.233122361	0.230853496	0.21781876	0.153347666	0.08888313	0.053534806	0.063047755	0.098294206	0.130213305
AT4G33010	0.027417493	0.04736324	0.040278386	0.036775085	0.210757196	0.449252189	0.56920012	0.613192958	0.596847137	0.560549894	0.514864701	0.467979176	0.492158497	0.472518878	0.47665985	0.48208814	0.498206597	0.533914017	0.557249253	0.59706601	0.615344393	0.679052525	0.739320137	0.79213357	0.809828001	0.762797402	0.576069109	0.347403618	0.167494729	0.1025515	0.057043808	0.020651396
AT4G33520	-0.163529831	-0.13775852	-0.08993183	-0.041287798	0.013213369	-0.033498185	-0.117371579	-0.191012279	-0.226751517	-0.383214607	-0.402279596	-0.484878291	-0.454797761	-0.46894644	-0.426196381	-0.415435821	-0.318659987	-0.329088672	-0.23322269	-0.167940615	-0.161110821	-0.057849703	0.013201482	0.068466024	0.175739146	0.231843803	0.2230295	0.181875216	0.146101029	0.14870701	0.099076979	0.117678667
AT4G35770	0.038861939	0.040007597	0.0217739	0.019306726	0.042836458	0.027930497	0.004767088	-0.003683037	0.001946078	5.56E-4	-7.47E-4	-0.010353289	-0.018483265	-0.02217504	-0.0203678	-0.021036791	-0.028117278	-0.018998245	-0.013952435	-0.023578759	-0.021689636	-0.0107646	-0.005368498	-0.004739002	-0.001680879	0.011966353	0.023633501	0.034017028	0.036030714	0.031061283	0.046194706	0.049756359
AT4G36810	1.131297353	1.146590176	1.392477561	1.495903781	1.577073143	1.514990078	1.421786118	1.293782378	1.148176946	1.096124957	0.988002276	0.934961087	0.977856948	0.945296445	1.006316744	1.027801407	1.085277243	1.139397557	1.114149293	1.188007295	1.215233914	1.325730479	1.402813351	1.571714412	1.68224656	1.752906312	1.869543181	1.814788378	1.806077955	1.887536137	1.814840171	1.807919099
AT4G37925	0.155416118	0.123377738	0.138105379	0.193421474	0.262263801	0.33343479	0.354250299	0.347063107	0.328664272	0.309350541	0.310686516	0.295551037	0.300643398	0.291313035	0.287152461	0.281260479	0.286863144	0.286798135	0.286370929	0.294178276	0.291667841	0.314120531	0.321081171	0.312435788	0.31670739	0.276777667	0.21254227	0.170744075	0.131588683	0.107766509	0.115626982	0.179142937
AT4G38380	-0.005889304	-0.017082003	-0.012101756	-0.006460995	0.016114326	0.010890204	-0.003994157	-0.004892815	-0.015762062	-0.031337903	-0.040002773	-0.06364499	-0.056014524	-0.052269266	-0.056644543	-0.056777064	-0.051104843	-0.055873519	-0.053424474	-0.06288983	-0.061282685	-0.051484811	-0.048784733	-0.046280364	-0.023319533	-0.022252643	-0.010928096	-0.01158979	-0.005708356	-0.011686056	-0.009060947	-0.001830664
AT4G39730	0.052087807	0.032032189	0.020858172	0.013235239	0.017437399	-0.013606361	-0.012971205	-0.027817624	-0.034241296	-0.030611523	-0.02772918	-0.030505301	-0.027597864	-0.030038269	-0.028491662	-0.024332474	-0.017161931	-0.019983156	-0.018123507	-0.018844261	-0.012457123	-0.010407653	0.004346609	0.001944698	0.013097728	0.023666669	0.038606517	0.052283393	0.044813342	0.037257243	0.053134124	0.061961326
AT4G39960	-0.010630069	-0.010360458	-0.006103541	-0.013245326	0.005596181	0.036369224	0.069116618	0.077806829	0.074573044	0.070592063	0.074000545	0.067969564	0.065087082	0.069509821	0.064249484	0.072935376	0.073015452	0.083326015	0.093247693	0.101156702	0.110340386	0.117346989	0.114713549	0.115474654	0.093218108	0.045945377	-0.005435898	-0.025134095	-0.041979388	-0.032517867	-0.009436328	-0.008153127
AT5G01220	0.002246169	0.008795871	-0.002412093	-0.016351643	-0.069919336	-0.130573169	-0.239169752	-0.321066014	-0.384837922	-0.430086977	-0.458981057	-0.502144765	-0.502755786	-0.504958484	-0.499903243	-0.501289758	-0.473408677	-0.455846748	-0.43330677	-0.414680742	-0.397837389	-0.338321873	-0.264578489	-0.21040082	-0.14479469	-0.070417175	-0.006487797	0.009377206	0.009579301	0.012009328	0.012325442	0.020519944
AT5G01500	-0.013915711	-0.009329774	-0.049630804	-0.021868043	0.027255256	0.053867355	0.069142043	0.079565584	0.064223855	0.066247919	0.069332295	0.058053032	0.06650516	0.054113538	0.06512791	0.069594451	0.071122015	0.067637924	0.071333917	0.075701175	0.072672138	0.070396487	0.063569997	0.063959229	0.079029504	0.06123124	0.061375267	0.038993579	0.058099188	0.010122997	0.042839114	0.028945475
AT5G02160	0.026757474	0.028519193	0.026060738	0.036355859	0.030313489	0.029032695	0.027295828	0.029927167	0.017091192	0.014911494	0.022361018	0.012146371	0.012464039	0.016853551	0.013916904	0.014142252	0.014775223	0.009499223	0.011510514	0.009860588	0.019694062	0.018495075	0.015991852	0.025433732	0.021501718	0.022993392	0.029300726	0.027001089	0.036247248	0.025123586	0.0253994	0.022902574
AT5G03455	-0.007860253	-0.004919852	-0.016898399	-0.015118765	-0.005977609	1.21E-4	-0.012053644	-0.00430707	-0.004506665	-0.004031309	8.09E-4	-0.00677936	-0.01060159	-0.007883478	-0.003818858	-0.009773294	-0.019291723	-0.008935215	-0.018734796	-0.032853565	-0.040872327	-0.03666203	-0.044758719	-0.042468732	-0.033573868	-0.034020808	-0.019710439	-0.016007125	-0.021449383	-0.011233531	-0.006493586	-0.003027854
AT5G07020	-0.010159693	0.006712283	0.003914639	-0.004437142	-0.02951972	-0.093086182	-0.189235092	-0.239674067	-0.291729238	-0.323436894	-0.357617894	-0.38289537	-0.400293635	-0.41380383	-0.43409845	-0.428599782	-0.433179215	-0.431603662	-0.436075215	-0.438563436	-0.421809831	-0.382688259	-0.323045606	-0.256586889	-0.159059045	-0.043293318	0.060532871	0.098352589	0.115629234	0.107006749	0.09395936	0.084227076
AT5G08050	-0.201900788	-0.179529827	-0.179869517	-0.178766088	-0.238172568	-0.254399671	-0.297417308	-0.350159703	-0.33899473	-0.357141783	-0.3220554	-0.360637189	-0.371605476	-0.358890216	-0.354344776	-0.362120319	-0.3514793	-0.393481863	-0.406170951	-0.389977782	-0.407524101	-0.399418358	-0.356512981	-0.336649781	-0.305521103	-0.267066845	-0.237052543	-0.176587726	-0.246022744	-0.170884385	-0.273235392	-0.144048898
AT5G08540	-0.135984326	-0.139075554	-0.095363636	-0.108554477	-0.152949763	-0.125240408	-0.079777201	-0.060451526	-0.020258995	-0.005909792	0.049501698	0.052306081	0.073048353	0.09308443	0.120255062	0.127860859	0.150668286	0.137044177	0.13959593	0.148757728	0.138978688	0.135395767	0.14934747	0.108141906	0.062527457	-0.036853032	-0.076417821	-0.068494284	-0.062566126	0.047851371	0.009618081	0.019318765
AT5G12470	-0.016586815	-0.007911421	-0.008467687	0.006148504	0.006165262	0.007750199	0.015752822	0.024760822	-0.010296902	-0.005394853	-0.008401653	-0.013190548	-0.013639534	-0.013776518	-0.002695526	-0.002042058	-2.17E-6	0.005577084	0.026825794	0.014850862	0.018137476	0.031592049	0.05392515	0.060040855	0.051653232	0.061482513	0.034526975	0.013406501	0.007770785	0.001618196	0.009801148	0.009690177
AT5G13120	0.009654028	0.004746743	-0.002208593	0.006236778	0.020721694	0.032734678	0.053252244	0.048749896	0.067341387	0.052112994	0.049364421	0.056390681	0.063056519	0.062714352	0.06520535	0.057965017	0.058732712	0.059614209	0.060455328	0.062068131	0.050597167	0.057404605	0.060786604	0.043429359	0.037525179	0.032350085	0.015945559	0.014412079	0.007131516	0.009726872	0.006747903	0.026710125
AT5G15250	0.005847942	0.006379217	-0.008857433	-0.004329044	0.021171476	0.025557581	0.032635552	0.036547876	0.038864368	0.04329946	0.045008076	0.049474369	0.044823625	0.052249194	0.052574482	0.05457373	0.064553012	0.065139036	0.06678627	0.068992623	0.068643297	0.072734019	0.067657983	0.067202128	0.054131493	0.043223778	0.029438642	0.010421739	0.00986085	0.005928097	-0.002702746	-0.004115885
AT5G16150	-0.007152788	-0.009514748	0.00623202	0.011379283	0.01930813	0.018776006	9.47E-4	-0.015568991	-0.040774492	-0.03915832	-0.037573801	-0.045947049	-0.039518587	-0.032804559	-0.030638426	-0.033827144	-0.018876012	-0.018878686	-0.010675945	-0.017809853	-0.025455876	-0.012987061	-0.006404279	7.4E-4	-2.09E-4	0.009249913	0.01421278	0.009995277	0.013311205	0.006279813	0.015343581	0.013288003
AT5G16660	0.016548914	0.017562485	0.011557	-0.007324385	5.73E-4	-0.015464991	-0.027011266	-0.039274935	-0.030253908	-0.034646866	-0.048682399	-0.038765279	-0.06608823	-0.063709907	-0.047575337	-0.049166287	-0.051357135	-0.048058037	-0.031538346	-0.035159141	-0.020026186	-0.01993764	-0.015407088	-0.00379666	0.002219812	0.007049678	0.007627696	0.002581547	-0.008372046	0.001092616	0.00730796	0.008968597
AT5G19370	0.008496934	0.013309644	0.010352228	0.005210244	0.017023455	0.024560972	0.033374173	0.036440436	0.051367604	0.050152782	0.051432913	0.04424766	0.046721742	0.037996343	0.035342507	0.047986414	0.038225433	0.039413888	0.040989125	0.037919734	0.03712336	0.034303779	0.027390311	0.021730585	0.025011887	0.010095211	0.021646789	0.021334083	0.012532821	0.024278535	0.012449188	0.025142165
AT5G20140	-0.014616166	-0.002734276	0.006563038	0.014713131	0.001236514	0.022860673	0.026217204	0.026360283	0.030241539	0.046326533	0.045939347	0.049872785	0.038086597	0.033224725	0.031731774	0.039374102	0.023847507	0.026114625	0.033978829	0.018655995	0.021044682	0.019108066	0.013798168	0.011924005	2.92E-4	-0.009587793	0.011470316	0.019742652	0.021832979	0.020556946	0.022637874	0.020343706
AT5G21430	-0.04388305	-0.045768949	-0.029728821	0.008068866	0.051661655	0.103788164	0.101752952	0.109439261	0.081352658	0.069875302	0.064848247	0.058932429	0.059768215	0.066831469	0.068451318	0.072126002	0.070171642	0.078154508	0.088312586	0.076700834	0.08293107	0.097232431	0.103930887	0.114569178	0.110251398	0.086551901	0.021217616	-0.002191609	-0.065635617	-0.076199795	-0.081332437	-0.059974465
AT5G23890	0.003208808	-0.013628131	0.010011237	-0.004744354	0.018613217	0.039385794	0.043317676	0.05301509	0.043415167	0.041933494	0.046516101	0.037423217	0.03459921	0.040834487	0.048264925	0.031841187	0.05418054	0.044710965	0.048670737	0.046207762	0.05476907	0.045832311	0.060423431	0.046049323	0.048742937	0.025023251	0.004233686	-0.017382863	-0.017221009	-0.015530852	-0.019315096	-0.028501167
AT5G35170	0.034820277	0.029598376	0.028653948	0.023333094	0.034513995	0.024724586	0.007287483	-0.01194163	-0.024410247	-0.035709248	-0.033640167	-0.04486006	-0.047817968	-0.041295708	-0.038336782	-0.036670289	-0.041167331	-0.029364639	-0.024908256	-0.020400721	-0.016001129	-0.007446904	0.004101447	0.017803378	0.019025789	0.035001663	0.040924034	0.035181193	0.038236401	0.045043001	0.040910993	0.034624664
AT5G39830	0.002539958	-0.001169216	0.008820497	0.035977702	0.084180884	0.112125985	0.127588527	0.125316762	0.115423108	0.106854911	0.10032556	0.098479625	0.093783886	0.096777709	0.095500369	0.105392991	0.108042438	0.115231772	0.114654897	0.117987515	0.128219604	0.127753016	0.131454198	0.123285006	0.110766966	0.093046834	0.058023824	0.036449376	0.01645023	0.010125316	0.008231416	-0.004627104
AT5G42270	0.008606239	-0.019402658	-0.018812264	0.005769356	0.106561235	0.226962833	0.312555448	0.349868184	0.354697727	0.347153945	0.331743021	0.30447391	0.312344721	0.312950334	0.307376908	0.314024902	0.336893801	0.349503356	0.332250702	0.31724217	0.305054461	0.297111445	0.305599691	0.277399935	0.253512825	0.236446544	0.20473103	0.161222541	0.110714329	0.079211673	0.068008373	0.00903914
AT5G42765	-0.009854898	0.009451418	0.02533479	0.03074261	-0.001602142	0.012623585	0.020415078	0.039132453	0.03207482	0.044728933	0.059329497	0.045211059	0.045611133	0.043541841	0.028132797	0.046593239	0.045373818	0.039584002	0.053408945	0.036565459	0.038486992	0.049075973	0.047234984	0.045857879	0.044416528	0.021761509	0.030502435	0.023698761	0.00487274	0.017115366	0.021416151	0.017211389
AT5G52440	-0.125322132	-0.07689182	-0.063537767	-0.035297647	-0.013586268	-0.037476765	-0.061443043	-0.07113796	-0.076650712	-0.089130594	-0.069720263	-0.113400868	-0.081719944	-0.07710921	-0.093990892	-0.079510057	-0.078429646	-0.068693367	-0.051331646	-0.036515757	-0.047006796	-0.04488073	-0.024333025	-0.00144223	0.03204846	0.010343569	-0.009169773	-0.026787066	-0.065271624	-0.086351336	-0.091484209	-0.106566026
AT5G52780	-0.01473322	-0.051095374	-0.036076208	0.009152451	0.097421593	0.159999849	0.219577074	0.234016798	0.246856215	0.24526341	0.244214515	0.238236076	0.245869072	0.238571574	0.249602924	0.24919213	0.238098965	0.240534184	0.244610028	0.242726631	0.243638126	0.238802838	0.237536509	0.213004145	0.179973351	0.123779268	0.032816416	-0.016264125	-0.067312756	-0.09010635	-0.08502019	-0.044063103
AT5G52970	-0.006353613	0.00125811	-0.010931704	-0.009772867	-0.023807202	0.006200357	0.016099251	0.006780482	0.013350079	0.008313929	0.004978198	-0.015392544	0.013401812	-0.019429631	-0.016253584	-0.013825164	-0.019105037	-0.013691087	-0.023267438	-0.025271105	-0.018937845	-0.017262944	-0.014096273	-0.015541681	-0.007814657	-0.009524965	-0.003953397	-0.018657026	-0.030820905	-0.007109856	-0.024004459	-0.006939633
AT5G53170	-0.084992914	-0.06778425	-0.066352572	-0.07628451	-0.076918976	-0.076243227	-0.05631	-0.034819942	-0.013962748	-0.023335492	-0.02215759	-0.015531456	-0.015971304	-0.013771497	-0.00612776	0.006030412	0.021153886	0.0201447	0.041624559	0.05211527	0.06124985	0.063397037	0.071741767	0.075215275	0.079368254	0.07004658	0.053178294	0.03178925	0.019193488	0.006874953	-0.013890749	-0.027151309
AT5G53490	-0.028363279	-0.019618821	-0.024171463	-0.007715748	0.00538767	-0.003327661	-0.015345194	-0.026511735	-0.028386886	-0.029658793	-0.025744944	-0.031268832	-0.037632159	-0.038180232	-0.033948748	-0.017156168	-0.028606636	-0.013459567	-0.031138629	-0.02276141	-0.02685703	-0.024666755	-0.024005755	-0.028543456	-0.025219804	-0.019196718	-0.020033185	-0.016130258	-0.022049323	-0.022290932	-0.036569321	-0.031876783
AT5G59250	0.063907887	0.065445924	0.051288073	0.048140844	0.036671309	-0.004097688	-0.037891613	-0.049589189	-0.066663702	-0.110761085	-0.122203653	-0.15865717	-0.191391549	-0.191751841	-0.217947056	-0.234500336	-0.246585547	-0.243952803	-0.239715724	-0.211756155	-0.200213277	-0.178391341	-0.147580522	-0.10826198	-0.057445276	-0.013170021	0.024423379	0.03932027	0.047559738	0.041971778	0.042983871	0.063447536
AT5G62720	0.015922716	0.040886867	0.011763369	-0.003507547	0.054751927	0.087290202	0.10767886	0.116865976	0.127599317	0.122631476	0.133335042	0.123615958	0.12591982	0.11541928	0.112077326	0.117529816	0.121051786	0.120078104	0.12779613	0.128650579	0.119746867	0.14148315	0.138504867	0.140953457	0.125960029	0.118399248	0.072029669	0.016649035	-0.003298363	-0.015083884	0.014523296	-0.039059851
