wid	geneSize
606	7
12015	6
23014	4
3706	7
29010	4
2305	14
3403	6
6014	4
604	28
207	8
1103	4
5011	4
3305	20
15010	4
3605	9
2909	10
303	18
4005	11
3803	8
2207	4
40010	4
1804	17
809	15
27011	8
32018	9
3304	41
304	17
106	5
204	20
2309	6
3303	14
3904	15
108	4
708	7
103	5
4203	53
3305a	19
6025	6
1409	31
3405	16
506	5
4405	34
38011	28
4503	13
2204	14
4105	14
4109	8
29017	9
1203	8
12011	5
14016	14
24010	5
3907	10
1406	39
10014	9
12014	17
3003	4
2603	13
2207a	10
2704	20
103a	27
4024	5
2703	18
3207	12
3008	13
509	11
29021	4
36010	11
4604	4
1703	9
1508	6
22011	13
907	6
13014	4
8020	7
2306	4
3608	4
604a	21
6024	7
4604a	4
3207a	9
1703a	56
4404	8
1004	9
3907a	18
2209	16
3105	7
207a	4
2104	14
26011	7
19015	5
1803	5
4703	10
103b	8
4404a	12
803	35
1505	8
608	4
403	4
2206	7
6022	6
2303	27
35015	7
11010	9
1004a	7
204a	6
37012	20
4504	12
3406	10
2906	17
2704a	8
107	6
20015	4
17014	6
1603	29
605	23
2003	4
28011	7
2306a	7
1403	8
3908	7
104	6
403a	15
607	5
1706	7
4307	5
12011a	21
32015	4
3906	6
3104	15
406	7
3308	12
2205	4
3205	40
4305	6
2303a	4
2903	6
1005	5
31016	5
2803	6
9017	13
2903a	7
2203	35
3203	25
3506	17
1103a	33
4109a	6
32010	5
2908	5
4207	30
904	30
1207	4
4012	7
504	10
38010	6
14015	9
1205	5
10014a	4
4106	9
4005a	15
504a	23
3305b	5
2908a	16
3409	6
3010	8
9011	18
1205a	6
607a	11
406a	17
7012	5
24014	5
207b	7
3409a	9
3103	15
706	8
2105	13
10013	10
306	7
805	4
2304	14
32014	10
205	8
2905	15
24011	6
1504	10
709	4
29021a	5
21011	5
26020	8
35011	4
2708	12
28015	6
3407	10
2032	4
33011	9
1508a	8
5010	5
3209	6
1206	6
37010	6
606a	11
3204	41
1609	12
4208	6
3103a	10
2404	5
3108	9
2206a	6
24013	5
3804	8
804	10
907a	12
25013	4
1903	7
6015	6
203	32
3506a	12
2307	9
3905	36
3605a	17
33014	7
1303	4
3607	7
3607a	15
22010	14
3209a	8
2203a	8
4406	8
2003a	15
2304a	13
3404	17
1204	14
3507	6
2303b	6
1705	24
14017	12
3505	7
608a	5
1604	5
508	10
3503	6
3105a	13
3209b	5
4103	22
4006	9
35010	4
4603	57
2406	20
3709	23
1605	5
404	10
2604	9
5017	8
108a	5
1504a	4
204b	14
15017	11
603	5
104a	22
2105a	13
3606	16
109	4
4004	13
3011	7
4307a	13
109a	4
2605	11
904a	5
1606	4
1805	5
11013	6
21011a	13
15016	4
4307b	4
3703	10
607b	6
6015a	13
26012	5
508a	6
38012	4
503	11
804a	27
2407	9
1505a	8
104b	17
706a	11
206	12
806	6
3107	6
104c	11
4018	6
608b	10
2103	28
2407a	8
1305	4
103c	38
105	5
2503	21
108b	6
17015	12
507	10
16013	5
14011	5
23023	4
4604b	4
2305a	7
2203b	13
17022	4
4403	14
4604c	50
1904	38
805a	26
806a	21
4006a	14
3303a	42
1607	10
3507a	11
2707	13
3904a	5
4703a	5
2703a	5
1004b	19
3105b	4
9026	6
3503a	4
2703b	13
5020	4
2007	11
4603a	5
28014	4
106a	13
3903	66
11016	8
2004	8
29014	7
1708	27
28011a	6
3108a	6
103d	4
808	9
4504a	6
11014	5
3504	29
8011	8
2303c	34
12026	5
3704	8
19024	4
1006	12
33013	6
15026	6
1603a	9
1106	10
2707a	4
203a	6
506a	8
7017	7
21012	12
15010a	7
1708a	13
805b	9
4009	6
105a	6
26011a	4
1805a	20
4003	17
2903b	18
24011a	4
3904b	45
3014	6
2005	4
3207b	11
3103b	6
4703b	7
3908a	14
707	9
8013	14
4503a	6
707a	14
104d	16
3309	7
14012	24
2707b	7
3305c	12
14030	4
36014	8
4104	16
9015	14
31010	5
1409a	4
12017	5
3004	19
2804	10
2408	4
14027	5
2408a	15
206a	7
1504b	19
3015	7
2004a	14
2303d	9
11017	9
2605a	10
9018	4
1010	4
2409	14
12018	11
17026	4
17010	9
404a	8
28010	9
4109b	4
27013	4
3404a	22
203b	7
2104a	29
2606	16
3203a	22
1204a	7
3605b	24
1703b	4
21012a	4
4303	24
16010	7
39010	5
2205a	4
1805b	36
2203c	15
29021b	6
2603a	18
2406a	8
3303b	16
3009	8
4205	13
4208a	7
1503	20
3107a	9
15010b	6
3506b	7
2305b	8
107a	6
8014	5
15013	5
704	12
1307	7
1506	7
32014a	12
3108b	5
106b	4
11015	4
10016	5
4103a	4
2706	16
3047	4
2608	5
3507b	8
2015	5
39010a	5
209	4
3306	13
2904	6
603a	26
4204	18
1208	26
4505	4
2303e	14
1403a	40
3705	28
1606a	23
2011	7
3209c	11
19014	6
27010	4
1605a	48
14013	10
307	15
2305c	12
1303a	9
3903a	18
33017	6
2108	7
21013	4
3203b	11
3905a	12
2707c	13
1204b	7
28021	5
6018	4
2103a	34
4504b	21
28018	4
14011a	25
1905	33
3508	5
607c	24
4405a	10
26011b	9
1509	5
15016a	13
1607a	11
2609	8
36013	9
4404b	10
2204a	8
11018	6
2604a	7
35011a	9
1707	32
3808	6
1405	8
12018a	4
807	10
3808a	35
3905b	21
2603b	4
12019	10
3103c	4
3303c	6
16022	4
1012	4
1018	4
12012	9
39011	4
107b	5
105b	7
15010c	26
35011b	7
2108a	4
9013	11
21010	15
2607	15
6010	8
3003a	11
906	7
1504c	4
209a	5
5011a	9
205a	6
604b	25
2306b	12
707b	6
508b	14
2706a	8
12023	7
2506	10
2605b	4
3207c	28
105c	7
3109	4
106c	4
3907b	5
3704a	31
3703a	4
506b	9
3504a	15
39011a	10
2603c	5
15023	7
2204b	9
3507c	15
23011	6
23013	5
38011a	5
15011	25
13010	5
4305a	5
33010	6
708a	6
2407b	18
4207a	8
2704b	13
4105a	18
503a	19
4304	17
803a	5
4004a	7
21014	11
2105b	7
4603b	13
106d	5
803b	12
209b	6
4304a	7
808a	11
4208b	29
16012	6
3209d	17
1503a	16
1604a	51
10013a	4
2707d	5
1504d	6
1407	37
603b	24
503b	10
2705	6
208	6
1026	4
3108c	16
2506a	6
503c	14
609	8
6011	14
12011b	10
1203a	6
305	4
29017a	5
29012	12
409	7
3207d	4
2019	4
403b	14
4009a	6
1807	5
7015	4
23012	5
1803a	5
3505a	8
1205b	27
11012	8
18018	4
603c	12
14010	29
3207e	7
403c	17
29021c	4
404b	14
32014b	7
3904c	15
10011	5
4015	4
2704c	22
3709a	4
1505b	43
3607b	6
4107	7
3008a	6
3007	10
106e	12
3303d	7
4006b	6
4108	10
2209a	5
905	15
3204a	12
4604d	4
31011	4
103e	14
103f	4
1209	25
4505a	10
3806	4
17014a	6
3804a	40
1603b	9
303a	7
1204c	15
3504b	13
3803a	49
1004c	22
1105	22
3109a	7
1003	24
2704d	8
2103b	7
106f	6
2011a	4
1403b	4
1003a	29
1508b	13
23014a	5
14018	5
31011a	6
1205c	6
4603c	19
2403	14
2204c	31
3506c	14
1004d	8
15020	10
2003b	15
1907	27
6020	10
3805	7
11010a	7
2604b	21
3603	11
4006c	11
2405	9
3018	5
4109c	4
1004e	15
1017	5
22012	4
609a	10
4010	9
30010	4
1107	9
3907c	4
1705a	10
106g	5
29010a	7
2605c	15
3907d	4
2504	4
2903c	5
28022	4
4204a	5
2107	5
2707e	6
409a	6
11013a	7
3024	6
22011a	5
205b	5
805c	24
31010a	6
2404a	10
4306	16
4104a	16
7015a	10
3021	4
2603d	9
1709	26
2404b	13
203c	35
504b	6
22012a	12
304a	14
503d	15
4303a	52
14021	9
3806a	5
709a	11
1012a	4
2105c	28
15010d	11
2207b	6
2806	14
6017	12
1206a	4
1209a	12
403d	11
35010a	5
603d	12
3028	4
1706a	35
35012	8
1803b	62
2509	9
1506a	41
12020	8
403e	9
3504c	20
2705a	5
305a	13
605a	9
3309a	11
27016	5
3604	28
806b	17
305b	7
205c	4
2204d	13
3805a	39
17016	11
37013	19
32011	4
3206	10
2503a	26
1204d	7
10010	5
603e	29
33013a	8
33016	4
3703b	11
2004b	7
709b	10
2307a	6
3507d	5
30016	4
3508a	10
6017a	5
903	4
705	12
206b	7
26024	5
1609a	7
2011b	4
2705b	17
205d	13
108c	4
34015	4
17013	16
1906	28
4007	8
2703c	31
3505b	18
4203a	20
2203d	26
12013	18
1306	6
6013	8
9022	8
207c	6
3105c	10
9017a	4
1709a	5
3103d	16
3907e	4
4103b	17
1404	12
3407a	7
15029	5
3906a	9
5021	4
1006a	14
11019	5
3208	9
34015a	4
32010a	4
4406a	8
205e	14
6014a	4
3504d	10
4206	10
304b	9
4010a	5
4015a	7
1509a	12
4305b	4
706b	12
805d	15
1404a	8
1609b	4
1305a	10
1503b	9
3104a	22
4503b	11
20011	4
34013	5
4207b	12
2104b	11
403f	23
505	7
1808	6
2906a	10
4207c	5
2012	4
26013	4
21010a	6
2206b	7
4203b	10
38012a	27
1706b	13
1021	4
4703c	56
905a	21
2906b	8
3004a	9
2504a	16
3405a	11
4603d	5
39010b	13
2107a	11
3903b	5
103g	6
3104b	18
35014	5
4604e	5
3808b	6
3908b	4
2603e	18
603f	17
6029	4
2608a	10
2908b	9
4505b	8
1108	11
406b	5
1704	8
3009a	8
2706b	19
504c	9
2803a	21
2906c	5
2805	20
107c	6
2404c	16
3204b	4
4009b	11
3208a	6
34016	5
4012a	8
2105d	4
1806	4
6010a	5
1107a	12
905b	4
3203c	43
27012	5
4205a	12
104e	15
2403a	8
2004c	24
31010b	7
2905a	18
908	19
1607b	33
605b	10
505a	20
3013	6
1010a	6
3503b	43
24010a	8
1104	5
3206a	19
35015a	11
2307b	19
4303b	7
39011b	5
3805b	7
4604f	17
1007	4
2203e	8
1003b	9
3603a	36
709c	5
2308	17
9012	17
2010	4
2404d	10
2806a	5
1507	14
2405a	10
4406b	33
3706a	27
4505c	17
2006	7
1104a	13
2404e	5
7016	8
406c	6
108d	5
205f	6
2708a	4
31010c	14
4604g	5
11020	5
4105b	15
3106	21
107d	5
509a	6
1006b	5
4003a	16
1012b	4
3509	10
1508c	32
405	5
1012c	6
207d	5
16012a	6
3010a	6
2205b	12
3506d	18
1608	31
32017	6
40010a	5
1103b	12
108e	4
18010	4
3004b	10
5012	8
2031	5
707c	5
1103c	4
4503c	9
4505d	9
3603b	18
807a	12
1105a	11
2904a	17
403g	10
605c	5
2105e	6
2304b	5
10012	13
3807	7
1303b	19
903a	31
2404f	21
103h	8
105d	17
3016	5
40010b	6
1806a	6
103i	25
2905b	6
2008	10
1004f	6
2803b	8
5019	6
3005	15
3805c	5
1903a	11
403h	15
1507a	9
35011c	12
3606a	18
3703c	5
1409b	7
9021	9
5018	5
12011c	4
2904b	33
6010b	9
8015	4
3306a	5
603g	7
2109	17
1006c	4
2806b	8
2803c	13
33012	5
2308a	11
1509b	30
1012d	6
2805a	9
3004c	21
1015	5
2605d	19
106h	6
2508	4
106i	4
6018a	11
9015a	8
4205b	6
104f	4
4020	4
29017b	6
9029	4
31018	4
4603e	5
2704e	17
3003b	8
21018	4
2107b	9
2407c	4
15031	4
1603c	7
4603f	5
3005a	11
109b	11
504d	4
14016a	7
703	23
2103c	13
707d	11
2906d	4
207e	6
14024	6
704a	11
23018	4
40010c	5
2305d	8
4204b	51
3306b	8
12029	4
13015	4
2208	18
14018a	10
3109b	5
4106a	5
1203b	29
2604c	16
2406b	8
30010a	4
2106	12
15013a	4
15015	15
504e	6
3108d	11
2803d	4
3008b	5
17014b	14
2003c	6
11015a	5
405a	9
705a	8
17010a	10
804b	25
8010	10
608c	15
407	4
2405b	12
2907	6
3203d	5
1507b	16
34012	6
509b	6
39011c	4
2409a	8
9014	9
2404g	22
3003c	40
709d	4
504f	6
36010a	10
2603f	11
3504e	15
805e	4
12014a	7
303b	15
1807a	5
3705a	6
3608a	13
9014a	15
3008c	4
2104c	19
505b	12
1704a	53
1507c	4
2005a	15
3308a	12
209c	5
708b	4
205g	11
5011b	9
12012a	20
32014c	5
8011a	9
2005b	6
14015a	4
4007a	12
32018a	8
3103e	24
3906b	9
603h	6
2209b	4
33010a	4
