wid	windowSize
606	6
12015	15
23014	14
3706	6
29010	10
2305	5
3403	3
6014	14
604	4
207	7
1103	3
5011	11
3305	5
15010	10
3605	5
2909	9
303	3
4005	5
3803	3
2207	7
40010	10
1804	4
809	9
27011	11
32018	18
3304	4
304	4
106	6
204	4
2309	9
3303	3
3904	4
108	8
708	8
103	3
4203	3
3305a	5
6025	25
1409	9
3405	5
506	6
4405	5
38011	11
4503	3
2204	4
4105	5
4109	9
29017	17
1203	3
12011	11
14016	16
24010	10
3907	7
1406	6
10014	14
12014	14
3003	3
2603	3
2207a	7
2704	4
103a	3
4024	24
2703	3
3207	7
3008	8
509	9
29021	21
36010	10
4604	4
1703	3
1508	8
22011	11
907	7
13014	14
8020	20
2306	6
3608	8
604a	4
6024	24
4604a	4
3207a	7
1703a	3
4404	4
1004	4
3907a	7
2209	9
3105	5
207a	7
2104	4
26011	11
19015	15
1803	3
4703	3
103b	3
4404a	4
803	3
1505	5
608	8
403	3
2206	6
6022	22
2303	3
35015	15
11010	10
1004a	4
204a	4
37012	12
4504	4
3406	6
2906	6
2704a	4
107	7
20015	15
17014	14
1603	3
605	5
2003	3
28011	11
2306a	6
1403	3
3908	8
104	4
403a	3
607	7
1706	6
4307	7
12011a	11
32015	15
3906	6
3104	4
406	6
3308	8
2205	5
3205	5
4305	5
2303a	3
2903	3
1005	5
31016	16
2803	3
9017	17
2903a	3
2203	3
3203	3
3506	6
1103a	3
4109a	9
32010	10
2908	8
4207	7
904	4
1207	7
4012	12
504	4
38010	10
14015	15
1205	5
10014a	14
4106	6
4005a	5
504a	4
3305b	5
2908a	8
3409	9
3010	10
9011	11
1205a	5
607a	7
406a	6
7012	12
24014	14
207b	7
3409a	9
3103	3
706	6
2105	5
10013	13
306	6
805	5
2304	4
32014	14
205	5
2905	5
24011	11
1504	4
709	9
29021a	21
21011	11
26020	20
35011	11
2708	8
28015	15
3407	7
2032	32
33011	11
1508a	8
5010	10
3209	9
1206	6
37010	10
606a	6
3204	4
1609	9
4208	8
3103a	3
2404	4
3108	8
2206a	6
24013	13
3804	4
804	4
907a	7
25013	13
1903	3
6015	15
203	3
3506a	6
2307	7
3905	5
3605a	5
33014	14
1303	3
3607	7
3607a	7
22010	10
3209a	9
2203a	3
4406	6
2003a	3
2304a	4
3404	4
1204	4
3507	7
2303b	3
1705	5
14017	17
3505	5
608a	8
1604	4
508	8
3503	3
3105a	5
3209b	9
4103	3
4006	6
35010	10
4603	3
2406	6
3709	9
1605	5
404	4
2604	4
5017	17
108a	8
1504a	4
204b	4
15017	17
603	3
104a	4
2105a	5
3606	6
109	9
4004	4
3011	11
4307a	7
109a	9
2605	5
904a	4
1606	6
1805	5
11013	13
21011a	11
15016	16
4307b	7
3703	3
607b	7
6015a	15
26012	12
508a	8
38012	12
503	3
804a	4
2407	7
1505a	5
104b	4
706a	6
206	6
806	6
3107	7
104c	4
4018	18
608b	8
2103	3
2407a	7
1305	5
103c	3
105	5
2503	3
108b	8
17015	15
507	7
16013	13
14011	11
23023	23
4604b	4
2305a	5
2203b	3
17022	22
4403	3
4604c	4
1904	4
805a	5
806a	6
4006a	6
3303a	3
1607	7
3507a	7
2707	7
3904a	4
4703a	3
2703a	3
1004b	4
3105b	5
9026	26
3503a	3
2703b	3
5020	20
2007	7
4603a	3
28014	14
106a	6
3903	3
11016	16
2004	4
29014	14
1708	8
28011a	11
3108a	8
103d	3
808	8
4504a	4
11014	14
3504	4
8011	11
2303c	3
12026	26
3704	4
19024	24
1006	6
33013	13
15026	26
1603a	3
1106	6
2707a	7
203a	3
506a	6
7017	17
21012	12
15010a	10
1708a	8
805b	5
4009	9
105a	5
26011a	11
1805a	5
4003	3
2903b	3
24011a	11
3904b	4
3014	14
2005	5
3207b	7
3103b	3
4703b	3
3908a	8
707	7
8013	13
4503a	3
707a	7
104d	4
3309	9
14012	12
2707b	7
3305c	5
14030	30
36014	14
4104	4
9015	15
31010	10
1409a	9
12017	17
3004	4
2804	4
2408	8
14027	27
2408a	8
206a	6
1504b	4
3015	15
2004a	4
2303d	3
11017	17
2605a	5
9018	18
1010	10
2409	9
12018	18
17026	26
17010	10
404a	4
28010	10
4109b	9
27013	13
3404a	4
203b	3
2104a	4
2606	6
3203a	3
1204a	4
3605b	5
1703b	3
21012a	12
4303	3
16010	10
39010	10
2205a	5
1805b	5
2203c	3
29021b	21
2603a	3
2406a	6
3303b	3
3009	9
4205	5
4208a	8
1503	3
3107a	7
15010b	10
3506b	6
2305b	5
107a	7
8014	14
15013	13
704	4
1307	7
1506	6
32014a	14
3108b	8
106b	6
11015	15
10016	16
4103a	3
2706	6
3047	47
2608	8
3507b	7
2015	15
39010a	10
209	9
3306	6
2904	4
603a	3
4204	4
1208	8
4505	5
2303e	3
1403a	3
3705	5
1606a	6
2011	11
3209c	9
19014	14
27010	10
1605a	5
14013	13
307	7
2305c	5
1303a	3
3903a	3
33017	17
2108	8
21013	13
3203b	3
3905a	5
2707c	7
1204b	4
28021	21
6018	18
2103a	3
4504b	4
28018	18
14011a	11
1905	5
3508	8
607c	7
4405a	5
26011b	11
1509	9
15016a	16
1607a	7
2609	9
36013	13
4404b	4
2204a	4
11018	18
2604a	4
35011a	11
1707	7
3808	8
1405	5
12018a	18
807	7
3808a	8
3905b	5
2603b	3
12019	19
3103c	3
3303c	3
16022	22
1012	12
1018	18
12012	12
39011	11
107b	7
105b	5
15010c	10
35011b	11
2108a	8
9013	13
21010	10
2607	7
6010	10
3003a	3
906	6
1504c	4
209a	9
5011a	11
205a	5
604b	4
2306b	6
707b	7
508b	8
2706a	6
12023	23
2506	6
2605b	5
3207c	7
105c	5
3109	9
106c	6
3907b	7
3704a	4
3703a	3
506b	6
3504a	4
39011a	11
2603c	3
15023	23
2204b	4
3507c	7
23011	11
23013	13
38011a	11
15011	11
13010	10
4305a	5
33010	10
708a	8
2407b	7
4207a	7
2704b	4
4105a	5
503a	3
4304	4
803a	3
4004a	4
21014	14
2105b	5
4603b	3
106d	6
803b	3
209b	9
4304a	4
808a	8
4208b	8
16012	12
3209d	9
1503a	3
1604a	4
10013a	13
2707d	7
1504d	4
1407	7
603b	3
503b	3
2705	5
208	8
1026	26
3108c	8
2506a	6
503c	3
609	9
6011	11
12011b	11
1203a	3
305	5
29017a	17
29012	12
409	9
3207d	7
2019	19
403b	3
4009a	9
1807	7
7015	15
23012	12
1803a	3
3505a	5
1205b	5
11012	12
18018	18
603c	3
14010	10
3207e	7
403c	3
29021c	21
404b	4
32014b	14
3904c	4
10011	11
4015	15
2704c	4
3709a	9
1505b	5
3607b	7
4107	7
3008a	8
3007	7
106e	6
3303d	3
4006b	6
4108	8
2209a	9
905	5
3204a	4
4604d	4
31011	11
103e	3
103f	3
1209	9
4505a	5
3806	6
17014a	14
3804a	4
1603b	3
303a	3
1204c	4
3504b	4
3803a	3
1004c	4
1105	5
3109a	9
1003	3
2704d	4
2103b	3
106f	6
2011a	11
1403b	3
1003a	3
1508b	8
23014a	14
14018	18
31011a	11
1205c	5
4603c	3
2403	3
2204c	4
3506c	6
1004d	4
15020	20
2003b	3
1907	7
6020	20
3805	5
11010a	10
2604b	4
3603	3
4006c	6
2405	5
3018	18
4109c	9
1004e	4
1017	17
22012	12
609a	9
4010	10
30010	10
1107	7
3907c	7
1705a	5
106g	6
29010a	10
2605c	5
3907d	7
2504	4
2903c	3
28022	22
4204a	4
2107	7
2707e	7
409a	9
11013a	13
3024	24
22011a	11
205b	5
805c	5
31010a	10
2404a	4
4306	6
4104a	4
7015a	15
3021	21
2603d	3
1709	9
2404b	4
203c	3
504b	4
22012a	12
304a	4
503d	3
4303a	3
14021	21
3806a	6
709a	9
1012a	12
2105c	5
15010d	10
2207b	7
2806	6
6017	17
1206a	6
1209a	9
403d	3
35010a	10
603d	3
3028	28
1706a	6
35012	12
1803b	3
2509	9
1506a	6
12020	20
403e	3
3504c	4
2705a	5
305a	5
605a	5
3309a	9
27016	16
3604	4
806b	6
305b	5
205c	5
2204d	4
3805a	5
17016	16
37013	13
32011	11
3206	6
2503a	3
1204d	4
10010	10
603e	3
33013a	13
33016	16
3703b	3
2004b	4
709b	9
2307a	7
3507d	7
30016	16
3508a	8
6017a	17
903	3
705	5
206b	6
26024	24
1609a	9
2011b	11
2705b	5
205d	5
108c	8
34015	15
17013	13
1906	6
4007	7
2703c	3
3505b	5
4203a	3
2203d	3
12013	13
1306	6
6013	13
9022	22
207c	7
3105c	5
9017a	17
1709a	9
3103d	3
3907e	7
4103b	3
1404	4
3407a	7
15029	29
3906a	6
5021	21
1006a	6
11019	19
3208	8
34015a	15
32010a	10
4406a	6
205e	5
6014a	14
3504d	4
4206	6
304b	4
4010a	10
4015a	15
1509a	9
4305b	5
706b	6
805d	5
1404a	4
1609b	9
1305a	5
1503b	3
3104a	4
4503b	3
20011	11
34013	13
4207b	7
2104b	4
403f	3
505	5
1808	8
2906a	6
4207c	7
2012	12
26013	13
21010a	10
2206b	6
4203b	3
38012a	12
1706b	6
1021	21
4703c	3
905a	5
2906b	6
3004a	4
2504a	4
3405a	5
4603d	3
39010b	10
2107a	7
3903b	3
103g	3
3104b	4
35014	14
4604e	4
3808b	8
3908b	8
2603e	3
603f	3
6029	29
2608a	8
2908b	8
4505b	5
1108	8
406b	6
1704	4
3009a	9
2706b	6
504c	4
2803a	3
2906c	6
2805	5
107c	7
2404c	4
3204b	4
4009b	9
3208a	8
34016	16
4012a	12
2105d	5
1806	6
6010a	10
1107a	7
905b	5
3203c	3
27012	12
4205a	5
104e	4
2403a	3
2004c	4
31010b	10
2905a	5
908	8
1607b	7
605b	5
505a	5
3013	13
1010a	10
3503b	3
24010a	10
1104	4
3206a	6
35015a	15
2307b	7
4303b	3
39011b	11
3805b	5
4604f	4
1007	7
2203e	3
1003b	3
3603a	3
709c	9
2308	8
9012	12
2010	10
2404d	4
2806a	6
1507	7
2405a	5
4406b	6
3706a	6
4505c	5
2006	6
1104a	4
2404e	4
7016	16
406c	6
108d	8
205f	5
2708a	8
31010c	10
4604g	4
11020	20
4105b	5
3106	6
107d	7
509a	9
1006b	6
4003a	3
1012b	12
3509	9
1508c	8
405	5
1012c	12
207d	7
16012a	12
3010a	10
2205b	5
3506d	6
1608	8
32017	17
40010a	10
1103b	3
108e	8
18010	10
3004b	4
5012	12
2031	31
707c	7
1103c	3
4503c	3
4505d	5
3603b	3
807a	7
1105a	5
2904a	4
403g	3
605c	5
2105e	5
2304b	4
10012	12
3807	7
1303b	3
903a	3
2404f	4
103h	3
105d	5
3016	16
40010b	10
1806a	6
103i	3
2905b	5
2008	8
1004f	4
2803b	3
5019	19
3005	5
3805c	5
1903a	3
403h	3
1507a	7
35011c	11
3606a	6
3703c	3
1409b	9
9021	21
5018	18
12011c	11
2904b	4
6010b	10
8015	15
3306a	6
603g	3
2109	9
1006c	6
2806b	6
2803c	3
33012	12
2308a	8
1509b	9
1012d	12
2805a	5
3004c	4
1015	15
2605d	5
106h	6
2508	8
106i	6
6018a	18
9015a	15
4205b	5
104f	4
4020	20
29017b	17
9029	29
31018	18
4603e	3
2704e	4
3003b	3
21018	18
2107b	7
2407c	7
15031	31
1603c	3
4603f	3
3005a	5
109b	9
504d	4
14016a	16
703	3
2103c	3
707d	7
2906d	6
207e	7
14024	24
704a	4
23018	18
40010c	10
2305d	5
4204b	4
3306b	6
12029	29
13015	15
2208	8
14018a	18
3109b	9
4106a	6
1203b	3
2604c	4
2406b	6
30010a	10
2106	6
15013a	13
15015	15
504e	4
3108d	8
2803d	3
3008b	8
17014b	14
2003c	3
11015a	15
405a	5
705a	5
17010a	10
804b	4
8010	10
608c	8
407	7
2405b	5
2907	7
3203d	3
1507b	7
34012	12
509b	9
39011c	11
2409a	9
9014	14
2404g	4
3003c	3
709d	9
504f	4
36010a	10
2603f	3
3504e	4
805e	5
12014a	14
303b	3
1807a	7
3705a	5
3608a	8
9014a	14
3008c	8
2104c	4
505b	5
1704a	4
1507c	7
2005a	5
3308a	8
209c	9
708b	8
205g	5
5011b	11
12012a	12
32014c	14
8011a	11
2005b	5
14015a	15
4007a	7
32018a	18
3103e	3
3906b	6
603h	3
2209b	9
33010a	10
